-1.225847378373146057e-01
-1.272017955780029297e-01
-1.322883367538452148e-01
-1.378638595342636108e-01
-1.439497917890548706e-01
-1.505690515041351318e-01
-1.577453762292861938e-01
-1.655025780200958252e-01
-1.738635748624801636e-01
-1.828491836786270142e-01
-1.924766302108764648e-01
-2.027577906847000122e-01
-2.136968821287155151e-01
-2.252878248691558838e-01
-2.375111281871795654e-01
-2.503302395343780518e-01
-2.636872828006744385e-01
-2.774986922740936279e-01
-2.916502654552459717e-01
-3.059925138950347900e-01
-3.203361928462982178e-01
-3.344492316246032715e-01
-3.480550348758697510e-01
-3.608338832855224609e-01
-3.724277615547180176e-01
-3.824499249458312988e-01
-3.904998898506164551e-01
-3.961836993694305420e-01
-3.991389572620391846e-01
-3.990632891654968262e-01
-3.957425355911254883e-01
-3.890759050846099854e-01
-3.790937662124633789e-01
-3.659644424915313721e-01
-3.499882817268371582e-01
-3.315789103507995605e-01
-3.112336993217468262e-01
-2.894979417324066162e-01
-2.669273316860198975e-01
-2.440535426139831543e-01
-2.213568240404129028e-01
-1.992470175027847290e-01
-1.780537068843841553e-01
-1.580241918563842773e-01
-1.393276751041412354e-01
-1.220634207129478455e-01
-1.062713190913200378e-01
-9.194303303956985474e-02
-7.903291285037994385e-02
-6.746786087751388550e-02
-5.715586617588996887e-02
-4.799310863018035889e-02
-3.986961767077445984e-02
-3.267368301749229431e-02
-2.629510313272476196e-02
-2.062754333019256592e-02
-1.557008642703294754e-02
-1.102819293737411499e-02
-6.914169993251562119e-03
-3.147281939163804054e-03
3.464168985374271870e-04
3.634437220171093941e-03
6.778346840292215347e-03
9.834347292780876160e-03
1.285389810800552368e-02
1.588435657322406769e-02
1.896962337195873260e-02
2.215076051652431488e-02
2.546659484505653381e-02
2.895426936447620392e-02
3.264976292848587036e-02
3.658836334943771362e-02
4.080508276820182800e-02
4.533502832055091858e-02
5.021370574831962585e-02
5.547726154327392578e-02
6.116263940930366516e-02
6.730765849351882935e-02
7.395096868276596069e-02
8.113189786672592163e-02
8.889010548591613770e-02
9.726505726575851440e-02
1.062952578067779541e-01
1.160171627998352051e-01
1.264637410640716553e-01
1.376625448465347290e-01
1.496333479881286621e-01
1.623849868774414062e-01
1.759117096662521362e-01
1.901886016130447388e-01
2.051662206649780273e-01
2.207645326852798462e-01
2.368661463260650635e-01
2.533092796802520752e-01
2.698808312416076660e-01
2.863104343414306641e-01
3.022664487361907959e-01
3.173555433750152588e-01
3.311271071434020996e-01
3.430843949317932129e-01
3.527036905288696289e-01
3.594623208045959473e-01
3.628743886947631836e-01
3.625324666500091553e-01
3.581500053405761719e-01
3.495993018150329590e-01
3.369374871253967285e-01
3.204153478145599365e-01
3.004652559757232666e-01
2.776690423488616943e-01
2.527105212211608887e-01
2.263197749853134155e-01
1.992182284593582153e-01
1.720717847347259521e-01
1.454568058252334595e-01
1.198405176401138306e-01
9.557493031024932861e-02
7.290129363536834717e-02
5.196166783571243286e-02
3.281438723206520081e-02
1.545064896345138550e-02
-1.894424640340730548e-04
-1.420256495475769043e-02
-2.671004272997379303e-02
-3.784801065921783447e-02
-4.775972664356231689e-02
-5.658980086445808411e-02
-6.447999924421310425e-02
-7.156636565923690796e-02
-7.797737419605255127e-02
-8.383285254240036011e-02
-8.924353122711181641e-02
-9.431102126836776733e-02
-9.912811219692230225e-02
-1.037792786955833435e-01
-1.083412989974021912e-01
-1.128839924931526184e-01
-1.174709126353263855e-01
-1.221600845456123352e-01
-1.270046383142471313e-01
-1.320534646511077881e-01
-1.373516470193862915e-01
-1.429409235715866089e-01
-1.488599032163619995e-01
-1.551443040370941162e-01
-1.618268042802810669e-01
-1.689369976520538330e-01
-1.765008717775344849e-01
-1.845403313636779785e-01
-1.930722296237945557e-01
-2.021073549985885620e-01
-2.116489410400390625e-01
-2.216910123825073242e-01
-2.322162538766860962e-01
-2.431937605142593384e-01
-2.545762956142425537e-01
-2.662974596023559570e-01
-2.782687544822692871e-01
-2.903766930103302002e-01
-3.024802803993225098e-01
-3.144091069698333740e-01
-3.259626924991607666e-01
-3.369113206863403320e-01
-3.469991981983184814e-01
-3.559500575065612793e-01
-3.634759485721588135e-01
-3.692892789840698242e-01
-3.731176555156707764e-01
-3.747207820415496826e-01
-3.739086687564849854e-01
-3.705582320690155029e-01
-3.646276891231536865e-01
-3.561651110649108887e-01
-3.453108966350555420e-01
-3.322922885417938232e-01
-3.174108862876892090e-01
-3.010241985321044922e-01
-2.835234105587005615e-01
-2.653100788593292236e-01
-2.467743903398513794e-01
-2.282768487930297852e-01
-2.101347148418426514e-01
-1.926136612892150879e-01
-1.759243011474609375e-01
-1.602227389812469482e-01
-1.456143409013748169e-01
-1.321592926979064941e-01
-1.198794990777969360e-01
-1.087655723094940186e-01
-9.878369420766830444e-02
-8.988191932439804077e-02
-8.199564367532730103e-02
-7.505226880311965942e-02
-6.897499412298202515e-02
-6.368584930896759033e-02
-5.910801887512207031e-02
-5.516751855611801147e-02
-5.179443210363388062e-02
-4.892368614673614502e-02
-4.649550095200538635e-02
-4.445558413863182068e-02
-4.275513440370559692e-02
-4.135068506002426147e-02
-4.020387679338455200e-02
-3.928111866116523743e-02
-3.855324909090995789e-02
-3.799516707658767700e-02
-3.758546337485313416e-02
-3.730605542659759521e-02
-3.714184090495109558e-02
-3.708039224147796631e-02
-3.711167350411415100e-02
-3.722775354981422424e-02
-3.742261230945587158e-02
-3.769192472100257874e-02
-3.803288191556930542e-02
-3.844407200813293457e-02
-3.892534971237182617e-02
-3.947774320840835571e-02
-4.010340198874473572e-02
-4.080552607774734497e-02
-4.158835485577583313e-02
-4.245715215802192688e-02
-4.341822490096092224e-02
-4.447892680764198303e-02
-4.564772918820381165e-02
-4.693424329161643982e-02
-4.834933578968048096e-02
-4.990518093109130859e-02
-5.161538720130920410e-02
-5.349510163068771362e-02
-5.556116253137588501e-02
-5.783224850893020630e-02
-6.032903492450714111e-02
-6.307439506053924561e-02
-6.609360873699188232e-02
-6.941455602645874023e-02
-7.306797802448272705e-02
-7.708769291639328003e-02
-8.151088654994964600e-02
-8.637832850217819214e-02
-9.173464775085449219e-02
-9.762853384017944336e-02
-1.041129380464553833e-01
-1.112452074885368347e-01
-1.190870851278305054e-01
-1.277046054601669312e-01
-1.371677517890930176e-01
-1.475498378276824951e-01
-1.589264720678329468e-01
-1.713740080595016479e-01
-1.849672049283981323e-01
-1.997759789228439331e-01
-2.158609777688980103e-01
-2.332674413919448853e-01
-2.520173490047454834e-01
-2.720991969108581543e-01
-2.934550940990447998e-01
-3.159652650356292725e-01
-3.394298553466796875e-01
-3.635484576225280762e-01
-3.878994286060333252e-01
-4.119210541248321533e-01
-4.348984658718109131e-01
-4.559625387191772461e-01
-4.741069674491882324e-01
-4.882304370403289795e-01
-4.972092211246490479e-01
-5.000000000000000000e-01
-4.957644641399383545e-01
-4.839980602264404297e-01
-4.646357595920562744e-01
-4.381065368652343750e-01
-4.053151011466979980e-01
-3.675485551357269287e-01
-3.263252377510070801e-01
-2.832208573818206787e-01
-2.397092878818511963e-01
-1.970465183258056641e-01
-1.562091410160064697e-01
-1.178831830620765686e-01
-8.248911798000335693e-02
-5.022704601287841797e-02
-2.112827636301517487e-02
4.895864520221948624e-03
2.801254577934741974e-02
4.843490198254585266e-02
6.639799475669860840e-02
8.214201033115386963e-02
9.590113162994384766e-02
1.078966632485389709e-01
1.183332502841949463e-01
1.273970901966094971e-01
1.352556645870208740e-01
1.420582383871078491e-01
1.479369699954986572e-01
1.530082672834396362e-01
1.573742628097534180e-01
1.611243486404418945e-01
1.643365770578384399e-01
1.670790165662765503e-01
1.694110482931137085e-01
1.713844686746597290e-01
1.730444431304931641e-01
1.744305044412612915e-01
1.755772382020950317e-01
1.765150278806686401e-01
1.772706210613250732e-01
1.778676807880401611e-01
1.783271580934524536e-01
1.786677390336990356e-01
1.789061427116394043e-01
1.790573298931121826e-01
1.791348606348037720e-01
1.791509538888931274e-01
1.791167110204696655e-01
1.790422350168228149e-01
1.789367645978927612e-01
1.788086891174316406e-01
1.786656975746154785e-01
1.785147637128829956e-01
1.783622801303863525e-01
1.782139986753463745e-01
1.780751049518585205e-01
1.779502779245376587e-01
1.778436005115509033e-01
1.777586936950683594e-01
1.776986569166183472e-01
1.776660978794097900e-01
1.776631176471710205e-01
1.776913702487945557e-01
1.777520328760147095e-01
1.778458207845687866e-01
1.779730021953582764e-01
1.781333833932876587e-01
1.783263981342315674e-01
1.785510331392288208e-01
1.788058578968048096e-01
1.790891140699386597e-01
1.793986558914184570e-01
1.797319799661636353e-01
1.800863146781921387e-01
1.804585605859756470e-01
1.808453798294067383e-01
1.812431961297988892e-01
1.816482394933700562e-01
1.820565909147262573e-01
1.824641972780227661e-01
1.828669309616088867e-01
1.832606047391891479e-01
1.836410760879516602e-01
1.840042173862457275e-01
1.843460053205490112e-01
1.846625804901123047e-01
1.849502325057983398e-01
1.852055191993713379e-01
1.854252666234970093e-01
1.856066137552261353e-01
1.857471019029617310e-01
1.858446151018142700e-01
1.858975142240524292e-01
1.859046071767807007e-01
1.858651936054229736e-01
1.857790499925613403e-01
1.856465190649032593e-01
1.854684054851531982e-01
1.852460652589797974e-01
1.849813610315322876e-01
1.846766322851181030e-01
1.843346953392028809e-01
1.839587986469268799e-01
1.835526227951049805e-01
1.831201761960983276e-01
1.826658099889755249e-01
1.821941733360290527e-01
1.817100644111633301e-01
1.812185198068618774e-01
1.807246506214141846e-01
1.802335977554321289e-01
1.797505617141723633e-01
1.792806386947631836e-01
1.788287907838821411e-01
1.783998757600784302e-01
1.779984831809997559e-01
1.776289641857147217e-01
1.772953718900680542e-01
1.770014017820358276e-01
1.767503917217254639e-01
1.765452325344085693e-01
1.763884127140045166e-01
1.762819886207580566e-01
1.762274652719497681e-01
1.762259304523468018e-01
1.762779355049133301e-01
1.763835251331329346e-01
1.765422523021697998e-01
1.767531335353851318e-01
1.770146787166595459e-01
1.773249208927154541e-01
1.776813864707946777e-01
1.780811250209808350e-01
1.785207390785217285e-01
1.789963841438293457e-01
1.795038133859634399e-01
1.800383925437927246e-01
1.805951297283172607e-01
1.811687350273132324e-01
1.817536354064941406e-01
1.823440492153167725e-01
1.829340159893035889e-01
1.835174262523651123e-01
1.840881407260894775e-01
1.846400052309036255e-01
1.851669400930404663e-01
1.856629699468612671e-01
1.861223429441452026e-01
1.865395605564117432e-01
1.869094818830490112e-01
1.872273385524749756e-01
1.874888837337493896e-01
1.876903921365737915e-01
1.878287047147750854e-01
1.879013478755950928e-01
1.879065483808517456e-01
1.878432482481002808e-01
1.877111643552780151e-01
1.875107735395431519e-01
1.872433871030807495e-01
1.869110614061355591e-01
1.865166276693344116e-01
1.860636621713638306e-01
1.855564713478088379e-01
1.849999874830245972e-01
1.843997538089752197e-01
1.837618350982666016e-01
1.830927878618240356e-01
1.823995411396026611e-01
1.816892921924591064e-01
1.809695065021514893e-01
1.802477091550827026e-01
1.795315146446228027e-01
1.788284778594970703e-01
1.781460195779800415e-01
1.774913519620895386e-01
1.768714040517807007e-01
1.762927621603012085e-01
1.757616102695465088e-01
1.752836108207702637e-01
1.748639792203903198e-01
1.745073050260543823e-01
1.742176264524459839e-01
1.739982962608337402e-01
1.738520711660385132e-01
1.737809926271438599e-01
1.737864315509796143e-01
1.738690286874771118e-01
1.740287691354751587e-01
1.742648929357528687e-01
1.745759248733520508e-01
1.749597489833831787e-01
1.754134744405746460e-01
1.759336143732070923e-01
1.765159815549850464e-01
1.771557331085205078e-01
1.778474450111389160e-01
1.785850971937179565e-01
1.793621033430099487e-01
1.801714003086090088e-01
1.810054033994674683e-01
1.818561553955078125e-01
1.827153563499450684e-01
1.835743784904479980e-01
1.844244003295898438e-01
1.852564513683319092e-01
1.860615462064743042e-01
1.868307143449783325e-01
1.875551491975784302e-01
1.882262676954269409e-01
1.888359040021896362e-01
1.893762946128845215e-01
1.898403018712997437e-01
1.902214735746383667e-01
1.905141472816467285e-01
1.907135397195816040e-01
