5.730918145948840525e+00
4.256191130607358986e+00
3.441786981398059275e+00
3.235718265656502002e+00
2.972546485162550489e+00
2.571681361044606984e+00
2.033782343710622609e+00
1.587654975152784864e+00
1.323807377969065113e+00
1.146472192579700122e+00
1.070515048119329737e+00
1.012347067556073510e+00
9.624968497983871218e-01
9.047649137435420652e-01
8.297972525319745607e-01
7.541415922103389402e-01
7.144096743675970584e-01
6.946763684672694339e-01
6.379544658045614991e-01
5.983389577557963745e-01
5.906073047268775023e-01
5.638030882804624389e-01
5.214389677970640014e-01
5.169490691154233764e-01
5.191663926647555050e-01
4.687380021618258730e-01
4.725242122527091859e-01
4.546807812106224977e-01
4.483711181148405944e-01
4.358813685755575928e-01
4.259921658423639346e-01
4.175721137754379031e-01
4.219880257883379393e-01
4.184091014246786866e-01
4.051557971585181273e-01
4.054550047843686889e-01
4.055630160916235960e-01
3.859465506768995913e-01
3.840951919555664062e-01
3.859320917437153442e-01
3.772585468907510009e-01
3.766858500819052491e-01
3.721434377854870301e-01
3.894037738923103453e-01
3.742585336008379393e-01
3.681437584661668150e-01
3.702166465020949038e-01
3.626834192583637817e-01
3.720294583228326846e-01
3.743597461331275023e-01
3.603434408864667482e-01
3.556890795307774966e-01
3.531145588044197203e-01
3.641447251842868105e-01
3.531375700427639708e-01
3.484649658203125000e-01
3.481485612930790285e-01
3.525643810149162172e-01
3.423187501968876223e-01
3.540367311046969667e-01
3.462958182058026857e-01
3.399493925033076902e-01
3.419460173576108764e-01
3.589084379134639402e-01
3.424394976708196592e-01
3.500724607898342833e-01
3.701821604082661255e-01
3.559430645358178102e-01
3.391445836713237183e-01
3.373489687519689029e-01
3.369718367053616270e-01
3.470111969978578736e-01
3.278866737119613406e-01
3.348911962201518433e-01
3.267687520673198120e-01
3.464891064551569033e-01
3.284197468911447815e-01
3.224453156994235292e-01
3.266056737592143433e-01
3.411095219273720947e-01
3.262971447360131227e-01
3.279818565614761594e-01
3.355710429529989991e-01
3.446716185538999389e-01
3.292890671760805299e-01
3.218159829416582518e-01
3.203842409195438723e-01
3.132818283573273743e-01
3.183632819883285281e-01
3.287745137368479065e-01
3.216419527607579654e-01
3.206153992683656861e-01
3.225357917047316225e-01
3.215961148661951596e-01
3.090816928494360960e-01
3.082532882690429688e-01
3.084418081468151551e-01
3.030573937200730650e-01
3.043529448970671569e-01
3.097379438338740965e-01
