-1.248735189437866211e-01
-1.294760107994079590e-01
-1.345428526401519775e-01
-1.400939822196960449e-01
-1.461515873670578003e-01
-1.527391225099563599e-01
-1.598814427852630615e-01
-1.676032543182373047e-01
-1.759288460016250610e-01
-1.848804950714111328e-01
-1.944775879383087158e-01
-2.047341167926788330e-01
-2.156572043895721436e-01
-2.272444367408752441e-01
-2.394802272319793701e-01
-2.523326873779296875e-01
-2.657496929168701172e-01
-2.796532213687896729e-01
-2.939356565475463867e-01
-3.084533810615539551e-01
-3.230231106281280518e-01
-3.374169170856475830e-01
-3.513606488704681396e-01
-3.645326197147369385e-01
-3.765683770179748535e-01
-3.870685994625091553e-01
-3.956130146980285645e-01
-4.017799794673919678e-01
-4.051733613014221191e-01
-4.054519534111022949e-01
-4.023622572422027588e-01
-3.957686424255371094e-01
-3.856760561466217041e-01
-3.722425699234008789e-01
-3.557769358158111572e-01
-3.367198705673217773e-01
-3.156117200851440430e-01
-2.930513322353363037e-01
-2.696507275104522705e-01
-2.459946572780609131e-01
-2.226054966449737549e-01
-1.999223530292510986e-01
-1.782898902893066406e-01
-1.579576432704925537e-01
-1.390869915485382080e-01
-1.217627972364425659e-01
-1.060063391923904419e-01
-9.178958833217620850e-02
-7.904811203479766846e-02
-6.769145280122756958e-02
-5.761314183473587036e-02
-4.869707673788070679e-02
-4.082367569208145142e-02
-3.387393057346343994e-02
-2.773261070251464844e-02
-2.228968217968940735e-02
-1.744185760617256165e-02
-1.309347152709960938e-02
-9.156674146652221680e-03
-5.550749599933624268e-03
-2.202786505222320557e-03
9.540393948554992676e-04
3.979902714490890503e-03
6.929777562618255615e-03
9.853564202785491943e-03
1.279745995998382568e-02
1.580398902297019958e-02
1.891274005174636841e-02
2.216161414980888367e-02
2.558643370866775513e-02
2.922235056757926941e-02
3.310364857316017151e-02
3.726441785693168640e-02
4.173913598060607910e-02
4.656266048550605774e-02
5.177062749862670898e-02
5.739967525005340576e-02
6.348738074302673340e-02
7.007215917110443115e-02
7.719350606203079224e-02
8.489139378070831299e-02
9.320589154958724976e-02
1.021763458847999573e-01
1.118405610322952271e-01
1.222333759069442749e-01
1.333845853805541992e-01
1.453170478343963623e-01
1.580436229705810547e-01
1.715632230043411255e-01
1.858568191528320312e-01
2.008819133043289185e-01
2.165663540363311768e-01
2.328015267848968506e-01
2.494349628686904907e-01
2.662626206874847412e-01
2.830219864845275879e-01
2.993869185447692871e-01
3.149648606777191162e-01
3.292994797229766846e-01
3.418794870376586914e-01
3.521558344364166260e-01
3.595683276653289795e-01
3.635825216770172119e-01
3.637340664863586426e-01
3.596772551536560059e-01
3.512308597564697266e-01
3.384140729904174805e-01
3.214636147022247314e-01
3.008275032043457031e-01
2.771329879760742188e-01
2.511331737041473389e-01
2.236409485340118408e-01
1.954614967107772827e-01
1.673334240913391113e-01
1.398866176605224609e-01
1.136196106672286987e-01
8.889391273260116577e-02
6.594301760196685791e-02
4.488892108201980591e-02
2.576334401965141296e-02
8.528729900717735291e-03
-6.902679800987243652e-03
-2.065239474177360535e-02
-3.286290168762207031e-02
-4.368704557418823242e-02
-5.328124761581420898e-02
-6.179970502853393555e-02
-6.939093768596649170e-02
-7.619554549455642700e-02
-8.234447985887527466e-02
-8.795887231826782227e-02
-9.314963221549987793e-02
-9.801779687404632568e-02
-1.026552021503448486e-01
-1.071447730064392090e-01
-1.115617156028747559e-01
-1.159742325544357300e-01
-1.204442232847213745e-01
-1.250281035900115967e-01
-1.297774761915206909e-01
-1.347398608922958374e-01
-1.399591565132141113e-01
-1.454762518405914307e-01
-1.513287425041198730e-01
-1.575519442558288574e-01
-1.641780436038970947e-01
-1.712367683649063110e-01
-1.787542253732681274e-01
-1.867527961730957031e-01
-1.952504366636276245e-01
-2.042590677738189697e-01
-2.137835472822189331e-01
-2.238201200962066650e-01
-2.343539893627166748e-01
-2.453572154045104980e-01
-2.567857205867767334e-01
-2.685770094394683838e-01
-2.806462347507476807e-01
-2.928837537765502930e-01
-3.051517307758331299e-01
-3.172821700572967529e-01
-3.290753066539764404e-01
-3.403005301952362061e-01
-3.506977558135986328e-01
-3.599831759929656982e-01
-3.678572475910186768e-01
-3.740160167217254639e-01
-3.781667947769165039e-01
-3.800466358661651611e-01
-3.794407248497009277e-01
-3.762027919292449951e-01
-3.702717125415802002e-01
-3.616832494735717773e-01
-3.505747914314270020e-01
-3.371818065643310547e-01
-3.218244910240173340e-01
-3.048875927925109863e-01
-2.867957353591918945e-01
-2.679852843284606934e-01
-2.488799095153808594e-01
-2.298676073551177979e-01
-2.112860530614852905e-01
-1.934135258197784424e-01
-1.764649301767349243e-01
-1.605943888425827026e-01
-1.459001898765563965e-01
-1.324320584535598755e-01
-1.201998591423034668e-01
-1.091817766427993774e-01
-9.933212399482727051e-02
-9.058780968189239502e-02
-8.287497609853744507e-02
-7.611308991909027100e-02
-7.021893560886383057e-02
-6.510976701974868774e-02
-6.070487201213836670e-02
-5.692786723375320435e-02
-5.370701104402542114e-02
-5.097623914480209351e-02
-4.867538064718246460e-02
-4.675023257732391357e-02
-4.515229165554046631e-02
-4.383864253759384155e-02
-4.277177155017852783e-02
-4.191870242357254028e-02
-4.125127196311950684e-02
-4.074517637491226196e-02
-4.037987440824508667e-02
-4.013820737600326538e-02
-4.000560939311981201e-02
-3.997041285037994385e-02
-4.002335667610168457e-02
-4.015681892633438110e-02
-4.036531597375869751e-02
-4.064516723155975342e-02
-4.099369049072265625e-02
-4.140990972518920898e-02
-4.189391434192657471e-02
-4.244697839021682739e-02
-4.307129979133605957e-02
-4.377036541700363159e-02
-4.454840719699859619e-02
-4.541064053773880005e-02
-4.636362195014953613e-02
-4.741467535495758057e-02
-4.857209324836730957e-02
-4.984553158283233643e-02
-5.124568194150924683e-02
-5.278469622135162354e-02
-5.447608232498168945e-02
-5.633468925952911377e-02
-5.837729573249816895e-02
-6.062241643667221069e-02
-6.309030950069427490e-02
-6.580381840467453003e-02
-6.878773123025894165e-02
-7.206973433494567871e-02
-7.568028569221496582e-02
-7.965276390314102173e-02
-8.402419835329055786e-02
-8.883470296859741211e-02
-9.412874281406402588e-02
-9.995470941066741943e-02
-1.063650846481323242e-01
-1.134171485900878906e-01
-1.211724132299423218e-01
-1.296973377466201782e-01
-1.390619277954101562e-01
-1.493404358625411987e-01
-1.606096327304840088e-01
-1.729477345943450928e-01
-1.864326298236846924e-01
-2.011382132768630981e-01
-2.171308398246765137e-01
-2.344636321067810059e-01
-2.531684935092926025e-01
-2.732473909854888916e-01
-2.946590185165405273e-01
-3.173038661479949951e-01
-3.410060703754425049e-01
-3.654920756816864014e-01
-3.903678655624389648e-01
-4.150972664356231689e-01
-4.389838278293609619e-01
-4.611619412899017334e-01
-4.806044697761535645e-01
-4.961557984352111816e-01
-5.065972805023193359e-01
-5.107477903366088867e-01
-5.075978040695190430e-01
-4.964612722396850586e-01
-4.771177172660827637e-01
-4.499066174030303955e-01
-4.157441556453704834e-01
-3.760395348072052002e-01
-3.325243294239044189e-01
-2.870326936244964600e-01
-2.412858903408050537e-01
-1.967291831970214844e-01
-1.544470936059951782e-01
-1.151524037122726440e-01
-7.923047244548797607e-02
-4.680924862623214722e-02
-1.783396303653717041e-02
7.868144661188125610e-03
3.053638525307178497e-02
5.044130608439445496e-02
6.786035001277923584e-02
8.306335657835006714e-02
9.630374610424041748e-02
1.078144684433937073e-01
1.178061291575431824e-01
1.264672875404357910e-01
1.339650154113769531e-01
1.404468417167663574e-01
1.460421681404113770e-01
1.508640944957733154e-01
1.550115346908569336e-01
1.585705578327178955e-01
1.616160124540328979e-01
1.642131507396697998e-01
1.664186120033264160e-01
1.682818531990051270e-01
1.698458492755889893e-01
1.711482852697372437e-01
1.722220927476882935e-01
1.730962097644805908e-01
1.737961024045944214e-01
1.743443608283996582e-01
1.747610121965408325e-01
1.750638633966445923e-01
1.752690374851226807e-01
1.753908991813659668e-01
1.754424721002578735e-01
1.754355281591415405e-01
1.753808706998825073e-01
1.752882450819015503e-01
1.751666218042373657e-01
1.750242561101913452e-01
1.748685836791992188e-01
1.747064292430877686e-01
1.745440512895584106e-01
1.743871569633483887e-01
1.742407828569412231e-01
1.741094589233398438e-01
1.739973872900009155e-01
1.739079356193542480e-01
1.738442182540893555e-01
1.738087981939315796e-01
1.738037317991256714e-01
1.738306432962417603e-01
1.738906055688858032e-01
1.739843934774398804e-01
1.741121113300323486e-01
1.742736697196960449e-01
1.744683533906936646e-01
1.746951490640640259e-01
1.749525964260101318e-01
1.752388924360275269e-01
1.755518317222595215e-01
1.758889257907867432e-01
1.762472987174987793e-01
1.766238361597061157e-01
1.770151257514953613e-01
1.774175912141799927e-01
1.778274029493331909e-01
1.782405525445938110e-01
1.786529868841171265e-01
1.790605187416076660e-01
1.794589012861251831e-01
1.798439174890518188e-01
1.802114099264144897e-01
1.805572509765625000e-01
1.808776110410690308e-01
1.811687052249908447e-01
1.814270317554473877e-01
1.816493421792984009e-01
1.818327903747558594e-01
1.819748133420944214e-01
1.820733249187469482e-01
1.821266263723373413e-01
1.821334511041641235e-01
1.820932179689407349e-01
1.820056438446044922e-01
1.818709969520568848e-01
1.816902011632919312e-01
1.814645677804946899e-01
1.811960190534591675e-01
1.808869391679763794e-01
1.805401444435119629e-01
1.801590025424957275e-01
1.797471791505813599e-01
1.793088018894195557e-01
1.788482517004013062e-01
1.783702671527862549e-01
1.778797656297683716e-01
1.773817986249923706e-01
1.768815517425537109e-01
1.763843148946762085e-01
1.758952438831329346e-01
1.754195988178253174e-01
1.749623417854309082e-01
1.745284050703048706e-01
1.741224527359008789e-01
1.737488955259323120e-01
1.734117567539215088e-01
1.731148064136505127e-01
1.728613972663879395e-01
1.726544946432113647e-01
1.724965274333953857e-01
1.723895519971847534e-01
1.723351478576660156e-01
1.723343729972839355e-01
1.723877489566802979e-01
1.724953204393386841e-01
1.726565808057785034e-01
1.728706508874893188e-01
1.731358766555786133e-01
1.734503060579299927e-01
1.738114506006240845e-01
1.742163598537445068e-01
1.746615320444107056e-01
1.751431077718734741e-01
1.756568551063537598e-01
1.761979460716247559e-01
1.767615228891372681e-01
1.773421168327331543e-01
1.779341101646423340e-01
1.785317212343215942e-01
1.791288703680038452e-01
1.797194033861160278e-01
1.802970916032791138e-01
1.808557212352752686e-01
1.813891828060150146e-01
1.818913519382476807e-01
1.823564171791076660e-01
1.827788054943084717e-01
1.831533014774322510e-01
1.834751069545745850e-01
1.837398558855056763e-01
1.839437931776046753e-01
1.840837150812149048e-01
1.841570138931274414e-01
1.841619759798049927e-01
1.840974837541580200e-01
1.839632689952850342e-01
1.837597936391830444e-01
1.834883540868759155e-01
1.831510961055755615e-01
1.827509105205535889e-01
1.822913587093353271e-01
1.817768514156341553e-01
1.812124103307723999e-01
1.806037425994873047e-01
1.799568980932235718e-01
1.792785972356796265e-01
1.785758882761001587e-01
1.778560876846313477e-01
1.771267652511596680e-01
1.763956248760223389e-01
1.756702959537506104e-01
1.749584823846817017e-01
1.742677390575408936e-01
1.736053228378295898e-01
1.729782670736312866e-01
1.723932176828384399e-01
1.718564182519912720e-01
1.713735610246658325e-01
1.709499359130859375e-01
1.705901324748992920e-01
1.702982336282730103e-01
1.700775623321533203e-01
1.699308753013610840e-01
1.698602437973022461e-01
1.698670089244842529e-01
1.699517816305160522e-01
1.701144874095916748e-01
1.703544557094573975e-01
1.706701368093490601e-01
1.710592210292816162e-01
1.715190112590789795e-01
1.720458120107650757e-01
1.726354658603668213e-01
1.732831299304962158e-01
1.739832311868667603e-01
1.747297346591949463e-01
1.755160242319107056e-01
1.763349920511245728e-01
1.771788895130157471e-01
1.780398488044738770e-01
1.789092868566513062e-01
1.797786802053451538e-01
1.806390136480331421e-01
1.814812272787094116e-01
1.822962760925292969e-01
1.830749958753585815e-01
1.838085949420928955e-01
1.844882667064666748e-01
1.851056963205337524e-01
1.856531649827957153e-01
1.861232221126556396e-01
1.865093857049942017e-01
1.868058890104293823e-01
1.870078742504119873e-01
