-2.975630889139901925e-02 -2.095736012380822189e-02 -4.960761776753994656e-01
-2.726626067777471185e-02 -2.114354238660676177e-02 -4.966057267612515869e-01
-2.505011776764909381e-02 -2.082558031819936595e-02 -4.971024311954692632e-01
-2.301306410514381007e-02 -2.006284227191124092e-02 -4.975686159574720380e-01
-2.107770531223496224e-02 -1.889518249175514697e-02 -4.980046895444473209e-01
-1.917971665511419843e-02 -1.734657356125313132e-02 -4.984095948041388224e-01
-1.726441202671524788e-02 -1.542785324670958857e-02 -4.987810085106056945e-01
-1.528402340068824028e-02 -1.313877237868577019e-02 -4.991153716139188345e-01
-1.319552622877351311e-02 -1.046949005986697046e-02 -4.994077951286173267e-01
-1.095888227128327674e-02 -7.401630542692827497e-03 -4.996518633075389682e-01
-8.535599493995738030e-03 -3.908991236140191283e-03 -4.998393404162060349e-01
-5.887530665961704379e-03 4.202773180717045420e-05 -4.999597766123496934e-01
-2.975849548289222213e-03 4.492216121881165147e-03 -5.000000000000000000e-01
2.398427987859719224e-04 9.489522065168509712e-03 -4.999434745146095205e-01
3.802318124193571069e-03 1.508915636460472776e-02 -4.997694960280211207e-01
7.757455033035098868e-03 2.135379523917024791e-02 -4.994521913557797843e-01
1.215492674440643572e-02 2.835384313510441734e-02 -4.989592763155380473e-01
1.704885522246774032e-02 3.616771213611486013e-02 -4.982505193938164822e-01
2.249843726342842798e-02 4.488206454528581579e-02 -4.972758468717074498e-01
2.856854041734435690e-02 5.459194919069754182e-02 -4.959730136215625418e-01
3.533025754759144821e-02 6.540073822402209247e-02 -4.942647517742754237e-01
4.286139748167694385e-02 7.741973733403706426e-02 -4.920552982282823118e-01
5.124687446594944351e-02 9.076729539257977208e-02 -4.892261936390982502e-01
6.057893959665699990e-02 1.055671758649779912e-01 -4.856312436977359148e-01
7.095717129625217501e-02 1.219458674764760664e-01 -4.810905440723670656e-01
8.248810706385839575e-02 1.400284009503869886e-01 -4.753835026714923195e-01
9.528435257077283449e-02 1.599320979858289138e-01 -4.682408611996174974e-01
1.094629438190453663e-01 1.817575061922795943e-01 -4.593358436431156377e-01
1.251426606996426383e-01 2.055755732435022298e-01 -4.482747730642672179e-01
1.424398938340183385e-01 2.314099003354442297e-01 -4.345878423031384052e-01
1.614625512645378458e-01 2.592127256018624815e-01 -4.177212540509931404e-01
1.823013624377151642e-01 2.888331952260292379e-01 -3.970327265633708524e-01
2.050178082881371489e-01 3.199766143474020996e-01 -3.717934574576630125e-01
2.296278084281943577e-01 3.521539478043702598e-01 -3.412010856152339899e-01
2.560802857216936124e-01 3.846221915165973781e-01 -3.044099412037030161e-01
2.842298995194388334e-01 4.163188106413044931e-01 -2.605866906455873711e-01
3.138037371660701291e-01 4.457977674728855755e-01 -2.090007852253500387e-01
3.443627805672891951e-01 4.711811668455269664e-01 -1.491587728993515327e-01
3.752607590354011258e-01 4.901491466041790757e-01 -8.098765832664733821e-02
4.056057647765687890e-01 5.000000000000000000e-01 -5.062526929436983458e-03
4.342337477490905151e-01 4.978190005867993984e-01 7.714500491190234843e-02
4.597072401003370890e-01 4.807911579362231236e-01 1.630490284323942718e-01
4.803560368926672597e-01 4.466705230253480985e-01 2.488467479859476361e-01
4.943765748347046518e-01 3.943680855603927116e-01 3.296394441832146693e-01
5.000000000000000000e-01 3.245432176242607492e-01 3.998756251713606047e-01
4.957225299285706321e-01 2.400037774430670567e-01 4.541443596901308388e-01
4.805662903981164913e-01 1.456886972001033564e-01 4.882081074093681528e-01
4.543117397687433945e-01 4.808385646279178527e-02 5.000000000000000000e-01
4.176287283423397168e-01 -4.587546756762039823e-02 4.902188255311490939e-01
3.720476627335008168e-01 -1.301112900350952506e-01 4.622382932007306766e-01
3.197587938128476637e-01 -2.004713084865024086e-01 4.213136117251602419e-01
2.632886866938211057e-01 -2.551985747224806422e-01 3.733793227915002122e-01
2.051462286311289129e-01 -2.947230424562795603e-01 3.238873453825495408e-01
1.475319150675419855e-01 -3.209862205713398531e-01 2.770419774688917536e-01
9.216652964080607191e-02 -3.366359868731961802e-01 2.355432210980416552e-01
4.024464381534115232e-02 -3.443628339965052465e-01 2.007286693540025757e-01
-7.518461314405144869e-03 -3.464933216081954592e-01 1.729139785173201549e-01
-5.079019268035467327e-02 -3.448246619323748208e-01 1.517603865642975225e-01
-8.951158018536253813e-02 -3.406233860963603366e-01 1.365744397687725376e-01
-1.237989397871026576e-01 -3.347080755674840535e-01 1.265128175903320051e-01
-1.538664349831303513e-01 -3.275592248591525646e-01 1.207034368140413316e-01
-1.799710754609084029e-01 -3.194248703666081601e-01 1.183070906403524414e-01
-2.023773429478820107e-01 -3.104089660044200283e-01 1.185429939621241990e-01
-2.213371740556473455e-01 -3.005397225269942352e-01 1.206956791592602163e-01
-2.370810847115920605e-01 -2.898196051508925564e-01 1.241144149084041359e-01
-2.498168689546018673e-01 -2.782599587236502803e-01 1.282113899984121952e-01
-2.597330587079975661e-01 -2.659030911047443047e-01 1.324615158316551633e-01
-2.670049910618583766e-01 -2.528341035181637109e-01 1.364045501559447149e-01
-2.718018510480947336e-01 -2.391842835834009362e-01 1.396489733991344573e-01
-2.742934639304785982e-01 -2.251276302554945374e-01 1.418763930507488391e-01
-2.746559435024465978e-01 -2.108720499303445850e-01 1.428450443441943718e-01
-2.730755981001991017e-01 -1.966468587030799631e-01 1.423910891363766584e-01
-2.697507745352211161e-01 -1.826883300625130602e-01 1.404267986825975534e-01
-2.648915847460100448e-01 -1.692250350649685542e-01 1.369352412138913899e-01
-2.587176991427625472e-01 -1.564645676034126520e-01 1.319616705459056294e-01
-2.514545852218375011e-01 -1.445829190486619398e-01 1.256023164834224048e-01
-2.433287012566769381e-01 -1.337173052273009644e-01 1.179916225299287857e-01
-2.345622112816946325e-01 -1.239627318188845084e-01 1.092891134430996058e-01
-2.253677692253965859e-01 -1.153721003809843326e-01 9.966700581532178527e-02
-2.159438388102448148e-01 -1.079592806400290206e-01 8.929944360932223768e-02
-2.064708923584051004e-01 -1.017043480191832661e-01 7.835391783557510426e-02
-1.971086901970179328e-01 -9.656011434539213401e-02 6.698509010358666416e-02
-1.879947055560589053e-01 -9.245913932592153550e-02 5.533094454554154940e-02
-1.792436447088453511e-01 -8.932055796600024689e-02 4.351097845932722086e-02
-1.709479282144289458e-01 -8.705624807345868632e-02 3.162602040995771135e-02
-1.631789488932658960e-01 -8.557605276566537800e-02 1.975922682182762458e-02
-1.559889024764777865e-01 -8.479193840207899235e-02 7.977833857782945515e-03
-1.494129912825001849e-01 -8.462109489803859574e-02 -3.664693522149264915e-03
-1.434718221697977025e-01 -8.498807016922449442e-02 -1.512639094454570898e-02
-1.381738501602551850e-01 -8.582607796956587265e-02 -2.637459480640602649e-02
-1.335177526137475423e-01 -8.707763665247147955e-02 -3.738393204585810370e-02
-1.294946514147793382e-01 -8.869469423339404468e-02 -4.813455947070244267e-02
-1.260901296666410154e-01 -9.063838046857730646e-02 -5.861066962002248193e-02
-1.232860135585400752e-01 -9.287850569475963880e-02 -6.879925153774957280e-02
-1.210619090195860226e-01 -9.539290326046045987e-02 -7.868907799681179593e-02
-1.193964967624904228e-01 -9.816669026603463966e-02 -8.826988265886048790e-02
-1.182685989524191461e-01 -1.011915015117345051e-01 -9.753168863428973712e-02
-1.176580367552559903e-01 -1.044647346526518250e-01 -1.064642516473094380e-01
-1.175463011761708199e-01 -1.079888306448104629e-01 -1.150565847942150999e-01
-1.179170605793884441e-01 -1.117706023909762481e-01 -1.232965365149979453e-01
-1.187565276673907544e-01 -1.158206156589741687e-01 -1.311703981212498649e-01
-1.200537069646631094e-01 -1.201526194002994208e-01 -1.386625216166799124e-01
-1.218005413624508870e-01 -1.247830171016282019e-01 -1.457549324355128517e-01
-1.239919733062668783e-01 -1.297303663533744267e-01 -1.524269251035826889e-01
-1.266259329356936858e-01 -1.350148900655785411e-01 -1.586546328064248890e-01
-1.297032620389942936e-01 -1.406579794054277910e-01 -1.644105646145775923e-01
-1.332275791338812798e-01 -1.466816653331821652e-01 -1.696631069109081347e-01
-1.372050873620994649e-01 -1.531080323951985456e-01 -1.743759886767282108e-01
-1.416443231937617453e-01 -1.599585450828612254e-01 -1.785077140573924082e-01
-1.465558401668068944e-01 -1.672532535552386790e-01 -1.820109704291872355e-01
-1.519518180238710325e-01 -1.750098419274160877e-01 -1.848320264697363990e-01
-1.578455836511699628e-01 -1.832424788630940826e-01 -1.869101429965059902e-01
-1.642510261988672227e-01 -1.919604272881000329e-01 -1.881770301404186441e-01
-1.711818847490104156e-01 -2.011663683287915338e-01 -1.885563983563802726e-01
-1.786508830559964123e-01 -2.108543950880312767e-01 -1.879636684167552696e-01
-1.866686824955650081e-01 -2.210076360583049793e-01 -1.863059273565219609e-01
-1.952426218682106196e-01 -2.315954778455534546e-01 -1.834822435437063470e-01
-2.043752117823831593e-01 -2.425703750932044489e-01 -1.793844843270904210e-01
-2.140623529506181510e-01 -2.538642653982965403e-01 -1.738988128794529686e-01
-2.242912531779569507e-01 -2.653846525649977695e-01 -1.669080743402675537e-01
-2.350380288160419662e-01 -2.770104870492101634e-01 -1.582953105633296831e-01
-2.462649951121442804e-01 -2.885880619247026546e-01 -1.479486602906501247e-01
-2.579176786395217524e-01 -2.999272587141519342e-01 -1.357678964466637606e-01
-2.699216263927808335e-01 -3.107986192322900187e-01 -1.216728094565160401e-01
-2.821791423546718969e-01 -3.209318804109844159e-01 -1.056135461384433150e-01
-2.945661544500409734e-01 -3.300167726087934739e-01 -8.758283656228449399e-02
-3.069295015723055853e-01 -3.377070184400369213e-01 -6.762976650412055868e-02
-3.190850267206999380e-01 -3.436285324717343048e-01 -4.587436934975397396e-02
-3.308169574717975125e-01 -3.473927492075756795e-01 -2.252182613933284561e-02
-3.418791309218430774e-01 -3.486157233556825830e-01 2.125483684828233244e-03
-3.519986506524963588e-01 -3.469430820141431449e-01 2.766035822887458195e-02
-3.608825151677920173e-01 -3.420800235660029776e-01 5.357020517697980155e-02
-3.682275956147534890e-01 -3.338243822050109832e-01 7.924615443634247525e-02
-3.737340378644323780e-01 -3.220994492101193485e-01 1.040039126425845728e-01
-3.771217139842988342e-01 -3.069820359763597573e-01 1.271171519563208951e-01
-3.781487817834271459e-01 -2.887205702441305588e-01 1.478622521707060322e-01
-3.766308086381952025e-01 -2.677382601770170734e-01 1.655707764118954373e-01
-3.724584061071014585e-01 -2.446178449579745617e-01 1.796836698594670989e-01
-3.656110615906441597e-01 -2.200671744517919137e-01 1.897995395935432317e-01
-3.561649833630594619e-01 -1.948683870203929969e-01 1.957092014644080669e-01
-3.442933640146167429e-01 -1.698169341259999632e-01 1.974103571793048295e-01
-3.302584625473933277e-01 -1.456591040946325633e-01 1.950996184092530505e-01
-3.143961225331235454e-01 -1.230372041048162224e-01 1.891433337307238394e-01
-2.970945069571392372e-01 -1.024499235347285930e-01 1.800326209722104553e-01
-2.787696584726859772e-01 -8.423209876121251494e-02 1.683305420880860659e-01
-2.598407973233513024e-01 -6.855414699411366275e-02 1.546198618951925008e-01
-2.407080137528331276e-01 -5.543797415162909914e-02 1.394584019947288644e-01
-2.217343187328242315e-01 -4.478401113588625915e-02 1.233463303769307684e-01
-2.032331055173195455e-01 -3.640345720880588942e-02 1.067067536631831626e-01
-1.854611773513360484e-01 -3.005054732879031132e-02 8.987850442312056432e-02
-1.686167879231856848e-01 -2.545115716484080970e-02 7.311847525681025584e-02
-1.528417034777534989e-01 -2.232573585623953694e-02 5.661028841032955672e-02
-1.382261258031644013e-01 -2.040599393502229297e-02 4.047628180700918454e-02
-1.248153548033310578e-01 -1.944577349445031356e-02 2.479041703766471372e-02
-1.126172386168038386e-01 -1.922707418621993902e-02 9.590479918165473183e-03
-1.016096846556954203e-01 -1.956239304403739609e-02 -5.111348882033683871e-03
-9.174773247457723713e-02 -2.029448428292590645e-02 -1.931992533401349910e-02
-8.296988722744569333e-02 -2.129447130806461086e-02 -3.305057661373367317e-02
-7.520356727432320199e-02 -2.245902985569470101e-02 -4.632432587729395923e-02
-6.836963029341069920e-02 -2.370715791227384628e-02 -5.916459870225265760e-02
-6.238601478292093994e-02 -2.497687807629778156e-02 -7.159508477787002168e-02
-5.717057637834044304e-02 -2.622208759289901270e-02 -8.363845514211998289e-02
-5.264321925370329947e-02 -2.740967747024802836e-02 -9.531568270527845943e-02
-4.872742908614779989e-02 -2.851697815529030677e-02 -1.066457666919282676e-01
-4.535131110229584372e-02 -2.952954783811445605e-02 -1.176457113283982947e-01
-4.244822852227825294e-02 -3.043929407353618277e-02 -1.283306515174809093e-01
-3.995712594032574394e-02 -3.124290494058168388e-02 -1.387140521380343383e-01
-3.782261054664004529e-02 -3.194055865816003426e-02 -1.488079333360217138e-01
-3.599485264784596517e-02 -3.253487782716812937e-02 -1.586230928464757994e-01
-3.442935627311805025e-02 -3.303009452022498404e-02 -1.681693093641538628e-01
-3.308664105670533484e-02 -3.343139413957230133e-02 -1.774555195941324159e-01
-3.193186817811510814e-02 -3.374440856962590551e-02 -1.864899670247136543e-01
-3.093443592123090724e-02 -3.397483218984409525e-02 -1.952803236208227045e-01
-3.006756432211898922e-02 -3.412813748598741981e-02 -2.038337872689216512e-01
-2.930788331719080819e-02 -3.420937011504454617e-02 -2.121571584567883972e-01
-2.863503466801975428e-02 -3.422300622516805113e-02 -2.202568997294149789e-01
-2.803129461128639477e-02 -3.417285753887566724e-02 -2.281391811899222688e-01
-2.748122154932008954e-02 -3.406201213991733034e-02 -2.358099148847359050e-01
-2.697133105227178529e-02 -3.389280104822833817e-02 -2.432747804327238805e-01
-2.648979888972202712e-02 -3.366678252530852511e-02 -2.505392437905303860e-01
-2.602619166008890428e-02 -3.338473763664995264e-02 -2.576085706227272398e-01
-2.557122376360421168e-02 -3.304667192774701778e-02 -2.644878353781457969e-01
-2.511653890214449181e-02 -3.265181916906523263e-02 -2.711819268638444580e-01
-2.465451392994177926e-02 -3.219864401832250866e-02 -2.776955508501459668e-01
-2.417808267528265276e-02 -3.168484116113590154e-02 -2.840332300255365983e-01
-2.368057726510564009e-02 -3.110732904832269607e-02 -2.901993014392523218e-01
-2.315558447954979560e-02 -3.046223677320292200e-02 -2.961979114124280166e-01
-2.259681471598551372e-02 -2.974488294645249997e-02 -3.020330077565355209e-01
-2.199798123131346816e-02 -2.894974564852093035e-02 -3.077083290019118067e-01
-2.135268744139318109e-02 -2.807042268725401524e-02 -3.132273902014778288e-01
-2.065432017528467945e-02 -2.709958147593682920e-02 -3.185934647275276976e-01
-1.989594690062979065e-02 -2.602889788742901445e-02 -3.238095613151124041e-01
-1.907021504869366169e-02 -2.484898344475272580e-02 -3.288783954160598988e-01
-1.816925166919003409e-02 -2.354930018763223831e-02 -3.338023537044806366e-01
-1.718456173366045281e-02 -2.211806251759451669e-02 -3.385834503080549229e-01
-1.610692348103448523e-02 -2.054212528071142074e-02 -3.432232730184088254e-01
-1.492627926053924359e-02 -1.880685730681408430e-02 -3.477229173455205213e-01
-1.363162037713594454e-02 -1.689599959830179188e-02 -3.520829058100777287e-01
-1.221086448622821230e-02 -1.479150736404333255e-02 -3.563030892958931606e-01
-1.065072412211887087e-02 -1.247337514148583182e-02 -3.603825265904531117e-01
-8.936564985013162321e-03 -9.919444365239060701e-03 -3.643193374000130991e-01
-7.052252663062308358e-03 -7.105192952665984052e-03 -3.681105231066842398e-01
-4.979986540853187371e-03 -4.003506825955405191e-03 -3.717517483041364867e-01
-2.700119759837749100e-03 -5.844338289389128249e-04 -3.752370746665271151e-01
-1.909642709388981174e-04 3.185078702981070098e-03 -3.785586369279674290e-01
2.571419716158873658e-03 7.341460303995128722e-03 -3.817062486297386759e-01
5.613450189883462116e-03 1.192480361097913999e-02 -3.846669227806361890e-01
8.964265429491191650e-03 1.697915410834055505e-02 -3.874242896264996627e-01
1.265598063971290488e-02 2.255279383753372446e-02 -3.899578903028877441e-01
1.672395686595717912e-02 2.869850514964011889e-02 -3.922423212376742185e-01
2.120707829292334257e-02 3.547379462115524129e-02 -3.942461998085178276e-01
2.614803176041130550e-02 4.294104919561592126e-02 -3.959309170477858242e-01
3.159357921032335259e-02 5.116758579347974178e-02 -3.972491383497440687e-01
3.759480952391452968e-02 6.022554120851036918e-02 -3.981430085889109405e-01
4.420735044978491013e-02 7.019153003537959012e-02 -3.985420145190604613e-01
5.149151358945430745e-02 8.114597338735923815e-02 -3.983604559541569223e-01
5.951233510540060445e-02 9.317196880204114962e-02 -3.974944798678823332e-01
6.833946121665684936e-02 1.063535304139233140e-01 -3.958186409895645408e-01
7.804680978112088496e-02 1.207729766857438269e-01 -3.931819729004565334e-01
8.871191634828140549e-02 1.365071796910652391e-01 -3.894035911263227234e-01
1.004148439763287715e-01 1.536223152694797811e-01 -3.842679128952575240e-01
1.132364999401650474e-01 1.721666698999442247e-01 -3.775196789102931438e-01
1.272561587418349904e-01 1.921609748804009032e-01 -3.688591162647714139e-01
1.425479400888891579e-01 2.135856659987265260e-01 -3.579378079142163660e-01
1.591759351513934995e-01 2.363644342169112789e-01 -3.443561549855249648e-01
1.771876202205412421e-01 2.603434854342009941e-01 -3.276637547629183134e-01
1.966051551501809547e-01 2.852661369204463337e-01 -3.073645814410830290e-01
2.174141544175618446e-01 3.107428501819963218e-01 -2.829295359264241139e-01
2.395495731984347842e-01 3.362176777712110876e-01 -2.538196607543170558e-01
2.628785173469094794e-01 3.609335557788612148e-01 -2.195239394396432120e-01
2.871801305083326317e-01 3.839010662953432629e-01 -1.796158115225668928e-01
3.121233147342029612e-01 4.038782904915991234e-01 -1.338318260015646244e-01
3.372439845361782651e-01 4.193729792045785554e-01 -8.217348880514840914e-02
3.619248858342170028e-01 4.286817801223893332e-01 -2.502844776287971307e-02
3.853826793518963512e-01 4.299831693701826052e-01 3.670103462326917976e-02
4.066687445752494856e-01 4.214985464724259057e-01 1.014857823676402759e-01
4.246914485594499578e-01 4.017264707700016202e-01 1.671097935920116129e-01
4.382675152199155821e-01 3.697355949921375950e-01 2.307082342891931259e-01
4.462074353638896262e-01 3.254729327133286110e-01 2.889468170701526839e-01
4.474335641806350128e-01 2.700125279714800097e-01 3.383637923551173765e-01
4.411196666801537880e-01 2.056503876092030669e-01 3.758492408079082692e-01
4.268292050771261836e-01 1.357641764177096033e-01 3.991742283797293789e-01
4.046210327135947304e-01 6.441293365016786954e-02 4.074304698461733154e-01
3.750909836733307690e-01 -4.257435198537717902e-03 4.012344125160627328e-01
3.393297924163931611e-01 -6.665169245101587592e-02 3.826095723648044178e-01
2.987999560483927119e-01 -1.202240542759052122e-01 3.545716349860369432e-01
2.551582014701209711e-01 -1.637061222927250759e-01 3.205485845187436844e-01
2.100652216685093276e-01 -1.970381774036106259e-01 2.838147340504046379e-01
1.650236273135160525e-01 -2.210821718387303569e-01 2.470828814437150411e-01
1.212704883580069115e-01 -2.372456309695426535e-01 2.123133175822062846e-01
7.973092179111335165e-02 -2.471329256119639828e-01 1.807147921322685979e-01
4.102296033184776869e-02 -2.522904146213611476e-01 1.528669723618105158e-01
5.496019521014972042e-03 -2.540599069786249053e-01 1.288903269373702920e-01
-2.671488354844153701e-02 -2.535216617449906895e-01 1.086104993303290689e-01
-5.563271004532455155e-02 -2.514964265741167493e-01 9.169052164962865348e-02
-8.138789386838995998e-02 -2.485784842269024297e-01 7.772426442698199267e-02
-1.041773063913934427e-01 -2.451798162925762359e-01 6.629557149720172182e-02
-1.242332313003023936e-01 -2.415737806751866446e-01 5.701152721045588123e-02
-1.418012834832228508e-01 -2.379328663524793441e-01 4.951827271945336006e-02
-1.571255854473476710e-01 -2.343588766409395729e-01 4.350610074442606834e-02
-1.704394628796727096e-01 -2.309058527856139298e-01 3.870857637416319497e-02
-1.819601365099571266e-01 -2.275968562414559804e-01 3.489874682921451088e-02
-1.918861892917296252e-01 -2.244359071808389450e-01 3.188426956880591190e-02
-2.003968835510878677e-01 -2.214162660962024631e-01 2.950246506505332933e-02
-2.076526540228988971e-01 -2.185260333673310074e-01 2.761578835366118589e-02
-2.137963004835317093e-01 -2.157518207413269273e-01 2.610791394122408127e-02
-2.189545521532444416e-01 -2.130810567814724887e-01 2.488046503475849214e-02
-2.232397839948355722e-01 -2.105033357941588079e-01 2.385033676690129223e-02
-2.267517417912993105e-01 -2.080111045337085240e-01 2.294752926159476791e-02
-2.295791865573354462e-01 -2.055998967170916680e-01 2.211339847216564625e-02
-2.318014058742953187e-01 -2.032682649803271291e-01 2.129923795118249252e-02
-2.334895649913110161e-01 -2.010175171213236522e-01 2.046511579524851188e-02
-2.347078875407695442e-01 -1.988513332964804148e-01 1.957890396603256811e-02
-2.355146669851528873e-01 -1.967753194892928326e-01 1.861544995686886805e-02
-2.359631171989687859e-01 -1.947965372976628862e-01 1.755585236404627603e-02
-2.361020751050635358e-01 -1.929230389502226695e-01 1.638681192884050564e-02
-2.359765708592234112e-01 -1.911634281263324686e-01 1.510003794061631766e-02
-2.356282822792828968e-01 -1.895264607290463310e-01 1.369169658645408294e-02
-2.350958904376971859e-01 -1.880206946704822135e-01 1.216189302659503868e-02
-2.344153528562763489e-01 -1.866541936178438554e-01 1.051418283034216694e-02
-2.336201097596977139e-01 -1.854342863034600386e-01 8.755111102168755544e-03
-2.327412375131879818e-01 -1.843673803016462331e-01 6.893779346228812166e-03
-2.318075618104882274e-01 -1.834588270483094030e-01 4.941441041454996963e-03
-2.308457414904071525e-01 -1.827128332799363708e-01 2.911127204384689193e-03
-2.298803321273461542e-01 -1.821324129579781070e-01 8.173030662675384583e-04
-2.289338368330195994e-01 -1.817193730811335062e-01 -1.324443468072256103e-03
-2.280267500805024383e-01 -1.814743265230727154e-01 -3.497681552824039031e-03
-2.271775988628216281e-01 -1.813967251108303813e-01 -5.685386016242022222e-03
-2.264029841596761905e-01 -1.814849065182223553e-01 -7.870156262900329658e-03
-2.257176245291279137e-01 -1.817361491259451567e-01 -1.003440751886552906e-02
-2.251344026772501561e-01 -1.821467297338580371e-01 -1.216053702551411764e-02
-2.246644150893970515e-01 -1.827119798444755139e-01 -1.423106821610187200e-02
-2.243170242258408775e-01 -1.834263371203870285e-01 -1.622877620913598662e-02
-2.240999123798902426e-01 -1.842833895114783793e-01 -1.813679812751023412e-02
-2.240191360518811736e-01 -1.852759104192174267e-01 -1.993873181216854196e-02
-2.240791795887283611e-01 -1.863958840928044980e-01 -2.161872645706375273e-02
-2.242830068560672796e-01 -1.876345212218457625e-01 -2.316156856239171002e-02
-2.246321098285840590e-01 -1.889822653953857623e-01 -2.455276639821346585e-02
-2.251265531851600610e-01 -1.904287917357250226e-01 -2.577863590069284783e-02
-2.257650142617857458e-01 -1.919629995888441076e-01 -2.682639059487390565e-02
-2.265448180315812188e-01 -1.935730016642548401e-01 -2.768423775415218557e-02
-2.274619671343518501e-01 -1.952461124682234317e-01 -2.834148256686253031e-02
-2.285111673562189027e-01 -1.969688392661895771e-01 -2.878864158140304053e-02
-2.296858493525772982e-01 -1.987268791403106194e-01 -2.901756613791217632e-02
-2.309781878052276083e-01 -2.005051259695689314e-01 -2.902157586102338538e-02
-2.323791195973308188e-01 -2.022876913410732724e-01 -2.879560157993354963e-02
-2.338783629675977860e-01 -2.040579434850409157e-01 -2.833633625700271441e-02
-2.354644399563217139e-01 -2.057985682903993307e-01 -2.764239164712867236e-02
-2.371247047671871666e-01 -2.074916562765968253e-01 -2.671445748677392373e-02
-2.388453809247252924e-01 -2.091188190407884395e-01 -2.555545904214662212e-02
-2.406116102899624742e-01 -2.106613381381020611e-01 -2.417070785974029246e-02
-2.424075170861229589e-01 -2.121003485585836179e-01 -2.256803960044806434e-02
-2.442162900604286646e-01 -2.134170579161899228e-01 -2.075793195490527321e-02
-2.460202857446024405e-01 -2.145930011521103298e-01 -1.875359489925487733e-02
-2.478011554539822914e-01 -2.156103289816670987e-01 -1.657102503468410593e-02
-2.495399981643345866e-01 -2.164521265068141131e-01 -1.422901554564448556e-02
-2.512175407130194937e-01 -2.171027564258504183e-01 -1.174911349726848186e-02
-2.528143458817666556e-01 -2.175482191780807595e-01 -9.155516852916156800e-03
-2.543110478378223238e-01 -2.177765202733247252e-01 -6.474904793604796538e-03
-2.556886131585502930e-01 -2.177780331118791546e-01 -3.736196701773386586e-03
-2.569286242780226548e-01 -2.175458439597092175e-01 -9.702375348015213063e-04
-2.580135807267988080e-01 -2.170760645786254939e-01 1.790589785997609429e-03
-2.589272120596681770e-01 -2.163680974927185696e-01 4.512821007123191119e-03
-2.596547949680165779e-01 -2.154248391515468652e-01 7.162428612922489002e-03
-2.601834658525097321e-01 -2.142528074393317272e-01 9.705390063620311647e-03
-2.605025191919073668e-01 -2.128621821302130179e-01 1.210829142909086720e-02
-2.606036814855823280e-01 -2.112667499787597158e-01 1.433894861039669566e-02
-2.604813504580566486e-01 -2.094837500515338569e-01 1.636702605217082995e-02
-2.601327896573391030e-01 -2.075336194493733188e-01 1.816463155774167282e-02
-2.595582695856896160e-01 -2.054396444604275063e-01 1.970686571601748538e-02
-2.587611480616420767e-01 -2.032275270796096711e-01 2.097230563685936744e-02
-2.577478845710495792e-01 -2.009248813596332672e-01 2.194340516384712947e-02
-2.565279858237514699e-01 -1.985606778580744081e-01 2.260679736685006214e-02
-2.551138824535327254e-01 -1.961646571968809205e-01 2.295348967693222608e-02
-2.535207396160669147e-01 -1.937667352220804329e-01 2.297894718643700429e-02
-2.517662069716350981e-01 -1.913964223203166171e-01 2.268306501184780277e-02
-2.498701160075109673e-01 -1.890822781197699642e-01 2.207003580175925794e-02
-2.478541346984439731e-01 -1.868514202059955442e-01 2.114812308712626931e-02
-2.457413909955189490e-01 -1.847291018573576915e-01 1.992935490020480982e-02
-2.435560774914099502e-01 -1.827383694691522287e-01 1.842915471121064908e-02
-2.413230498021520232e-01 -1.808998056516882835e-01 1.666592813860645617e-02
-2.390674307520300745e-01 -1.792313593194034826e-01 1.466062408549589913e-02
-2.368142314156727046e-01 -1.777482597646848905e-01 1.243628804936969257e-02
-2.345879985639518495e-01 -1.764630079968046994e-01 1.001762353465268651e-02
-2.324124962069427092e-01 -1.753854357063543423e-01 7.430575007992212822e-03
-2.303104268686366751e-01 -1.745228201831290349e-01 4.701942936468528345e-03
-2.283031961035899560e-01 -1.738800423804163220e-01 1.859038392346912261e-03
-2.264107217018205276e-01 -1.734597750194207810e-01 -1.070618282786428566e-03
-2.246512871307726478e-01 -1.732626880491457966e-01 -4.059553010264727035e-03
-2.230414371118034644e-01 -1.732876597717459832e-01 -7.080548342244030735e-03
-2.215959118754556867e-01 -1.735319833503873310e-01 -1.010681125368151356e-02
-2.203276156100796301e-01 -1.739915600790679084e-01 -1.311210244024862970e-02
-2.192476139139847291e-01 -1.746610725713234613e-01 -1.607083225932370851e-02
-2.183651546650653419e-01 -1.755341328017059332e-01 -1.895812911372074527e-02
-2.176877066029040408e-01 -1.766034016236407433e-01 -2.174988640971986520e-02
-2.172210100372807817e-01 -1.778606779320389686e-01 -2.442279429132387936e-02
-2.169691344106620123e-01 -1.792969570080714670e-01 -2.695436222928260239e-02
-2.169345379076188518e-01 -1.809024587687098062e-01 -2.932293828689191972e-02
-2.171181248814658682e-01 -1.826666276548167822e-01 -3.150773054435540566e-02
-2.175192975232693726e-01 -1.845781067511655937e-01 -3.348883577578698478e-02
-2.181359989027028545e-01 -1.866246894699817860e-01 -3.524728006003297054e-02
-2.189647452428508112e-01 -1.887932527797477888e-01 -3.676507557707631157e-02
-2.200006460373863382e-01 -1.910696765557324817e-01 -3.802529739202598069e-02
-2.212374113697685996e-01 -1.934387541964017743e-01 -3.901218354370483699e-02
-2.226673465461355139e-01 -1.958841002118565378e-01 -3.971126121047330315e-02
-2.242813349055530203e-01 -1.983880610583032000e-01 -4.010950109078637027e-02
-2.260688104240189400e-01 -2.009316360658396361e-01 -4.019550137378091748e-02
-2.280177224827496518e-01 -2.034944158709753870e-01 -3.995970174748331161e-02
-2.301144959254497468e-01 -2.060545462898376590e-01 -3.939462676169247501e-02
-2.323439902781663235e-01 -2.085887260053038705e-01 -3.849515649718149302e-02
-2.346894627378298681e-01 -2.110722467259362745e-01 -3.725882087065168768e-02
-2.371325402328966492e-01 -2.134790845239327162e-01 -3.568611202006100047e-02
-2.396532064936941486e-01 -2.157820507757802764e-01 -3.378080708444941571e-02
-2.422298106029120435e-01 -2.179530104047588956e-01 -3.155029136307174742e-02
-2.448391038793437113e-01 -2.199631738475605891e-01 -2.900586939436167189e-02
-2.474563121216006856e-01 -2.217834672340572855e-01 -2.616304906264999008e-02
-2.500552501362240942e-01 -2.233849825970485314e-01 -2.304178159265124481e-02
-2.526084850251651970e-01 -2.247395064737011117e-01 -1.966663844707239317e-02
-2.550875538409979049e-01 -2.258201210365196054e-01 -1.606690495893559056e-02
-2.574632398733712746e-01 -2.266018669913084649e-01 -1.227657028975859266e-02
-2.597059099644510871e-01 -2.270624520904636068e-01 -8.334194291793273202e-03
-2.617859128511590416e-01 -2.271829835268968090e-01 -4.282634320837197528e-03
-2.636740356253862716e-01 -2.269486970997738329e-01 -1.686191791359092917e-04
-2.653420120686367234e-01 -2.263496513753430195e-01 3.957836765795252898e-03
-2.667630729920148491e-01 -2.253813516644993520e-01 8.044178730469198069e-03
-2.679125249945368825e-01 -2.240452670751916786e-01 1.203620650528763880e-02
-2.687683404974930967e-01 -2.223492046874313566e-01 1.587910011676596511e-02
-2.693117388184799177e-01 -2.203075084200724065e-01 1.951854707791156329e-02
-2.695277357349666891e-01 -2.179410565727064597e-01 2.290193290467135157e-02
-2.694056377627547239e-01 -2.152770412082245510e-01 2.597954895425597099e-02
-2.689394575006616162e-01 -2.123485240411780994e-01 2.870576655073803218e-02
-2.681282280441324994e-01 -2.091937765390736725e-01 3.104012457486132748e-02
-2.669761977009871279e-01 -2.058554254808874218e-01 3.294827970907249215e-02
-2.654928909604457044e-01 -2.023794380322384567e-01 3.440277447462991578e-02
-2.636930276266650219e-01 -1.988139912454419678e-01 3.538358777559891255e-02
-2.615962988430267089e-01 -1.952082786661183400e-01 3.587844514889759751e-02
-2.592270059065746590e-01 -1.916113106085650664e-01 3.588288022785734999e-02
-2.566135747468331063e-01 -1.880707642438428362e-01 3.540005374858090637e-02
-2.537879651646435253e-01 -1.846319349954311795e-01 3.444035039389509167e-02
-2.507849989041451844e-01 -1.813368323894377632e-01 3.302078562943705498e-02
-2.476416339943019462e-01 -1.782234523763713829e-01 3.116426347051898249e-02
-2.443962143347661042e-01 -1.753252453961534618e-01 2.889873124813324701e-02
-2.410877231808395971e-01 -1.726707863502473517e-01 2.625627877679514999e-02
-2.377550671411842176e-01 -1.702836403500017637e-01 2.327222714102522572e-02
-2.344364138206079806e-01 -1.681824075905260507e-01 1.998424722254138475e-02
-2.311686017001179927e-01 -1.663809226136752084e-01 1.643154091600240729e-02
-2.279866356788982085e-01 -1.648885778933570911e-01 1.265410964258667503e-02
-2.249232763391987300e-01 -1.637107391018319813e-01 8.692126146047085555e-03
-2.220087258234915151e-01 -1.628492193331414484e-01 4.585417390804313875e-03
-2.192704085477397147e-01 -1.623027815214512781e-01 3.730592298804014106e-04
-2.167328410380269244e-01 -1.620676417528805757e-01 -3.906922287760128398e-03
-2.144175820977087810e-01 -1.621379505665372367e-01 -8.217752408449907620e-03
-2.123432523282554607e-01 -1.625062341562137913e-01 -1.252402425110776818e-02
-2.105256107054288561e-01 -1.631637821874426519e-01 -1.679174430628227466e-02
-2.089776753654674080e-01 -1.641009734119354135e-01 -2.098832117250404306e-02
-2.077098758611420903e-01 -1.653075341804454146e-01 -2.508251152214513446e-02
-2.067302247663656001e-01 -1.667727282149661372e-01 -2.904433642503168045e-02
-2.060444975009486646e-01 -1.684854785756529916e-01 -3.284497998915569816e-02
-2.056564104850431285e-01 -1.704344246849462952e-01 -3.645668099839449727e-02
-2.055677891046888695e-01 -1.726079186332555304e-01 -3.985262698445646290e-02
-2.057787183867203495e-01 -1.749939658958753474e-01 -4.300685906491219512e-02
-2.062876706775130797e-01 -1.775801161603128842e-01 -4.589419496911328888e-02
-2.070916059528293829e-01 -1.803533103190650966e-01 -4.849017698062296766e-02
-2.081860416331099417e-01 -1.832996899413328329e-01 -5.077105103992518575e-02
-2.095650899355069319e-01 -1.864043758035671683e-01 -5.271378294178841184e-02
-2.112214618708335712e-01 -1.896512224246555967e-01 -5.429611737496986557e-02
-2.131464380117399360e-01 -1.930225560923950479e-01 -5.549668541839869462e-02
-2.153298071470756136e-01 -1.964989046410187123e-01 -5.629516594313199729e-02
-2.177597749305861807e-01 -2.000587282815569079e-01 -5.667250607490870173e-02
-2.204228456653173351e-01 -2.036781621100212103e-01 -5.661120533685015666e-02
-2.233036814719788765e-01 -2.073307825058507969e-01 -5.609566719310321581e-02
-2.263849442980160331e-01 -2.109874114321941274e-01 -5.511262032105979092e-02
-2.296471275524019084e-01 -2.146159745648693606e-01 -5.365160991849216021e-02
-2.330683856027629952e-01 -2.181814310617712360e-01 -5.170555657545405914e-02
-2.366243709299776787e-01 -2.216457944346760245e-01 -4.927137660259217622e-02
-2.402880903587607531e-01 -2.249682651339972583e-01 -4.635065314108743895e-02
-2.440297933974078237e-01 -2.281054957755311863e-01 -4.295034188334923009e-02
-2.478169072156540809e-01 -2.310120090453253727e-01 -3.908348890133328535e-02
-2.516140340163918188e-01 -2.336407858012906624e-01 -3.476993113211412911e-02
-2.553830273243971050e-01 -2.359440363388564110e-01 -3.003694288825553560e-02
-2.590831637971859891e-01 -2.378741608512040528e-01 -2.491978490655177847e-02
-2.626714263091410873e-01 -2.393848955698557601e-01 -1.946210667640546621e-02
-2.661029120149386307e-01 -2.404326289110708670e-01 -1.371614902433304639e-02
-2.693313756313493457e-01 -2.409778574773379090e-01 -7.742693217131169092e-03
-2.723099131201437428e-01 -2.409867356620314371e-01 -1.610706244330684100e-03
-2.749917842507155763e-01 -2.404326560160509052e-01 4.603359617127378289e-03
-2.773313642686365821e-01 -2.392977820426561708e-01 1.081664075091204325e-02
-2.792852053971737192e-01 -2.375744426462342851e-01 1.694131760440659162e-02
-2.808131786857270829e-01 -2.352662902250578503e-01 2.288643451596084066e-02
-2.818796565596498604e-01 -2.323891244436311343e-01 2.856003832615183757e-02
-2.824546872884619031e-01 -2.289712926935230097e-01 3.387156025066095921e-02
-2.825151055658783328e-01 -2.250535969832869743e-01 3.873433744252335886e-02
-2.820455195790585456e-01 -2.206886651584941683e-01 4.306814798547808909e-02
-2.810391152763238587e-01 -2.159397802382512221e-01 4.680161921236347666e-02
-2.794982236406368115e-01 -2.108792021877160527e-01 4.987436706308723267e-02
-2.774346067853846742e-01 -2.055860574444816624e-01 5.223873528644612518e-02
-2.748694331805591196e-01 -2.001439082240880074e-01 5.386102757027133592e-02
-2.718329302691473437e-01 -1.946381414404085852e-01 5.472216120773715220e-02
-2.683637226095588746e-01 -1.891533323159853008e-01 5.481771401192464532e-02
-2.645078836064503891e-01 -1.837707383535447381e-01 5.415738200007558234e-02
-2.603177469059440030e-01 -1.785660652235608881e-01 5.276390855990392703e-02
-2.558505378555305798e-01 -1.736076192557650666e-01 5.067158148484907088e-02
-2.511668947275690345e-01 -1.689549252412595459e-01 4.792441874083924747e-02
-2.463293529618293398e-01 -1.646578478080890084e-01 4.457417517308043253e-02
-2.414008634743495252e-01 -1.607562145864770420e-01 4.067830057595855919e-02
-2.364434087365816506e-01 -1.572799040236937396e-01 3.629796636851911895e-02
-2.315167689912036586e-01 -1.542493331844820847e-01 3.149625653327059460e-02
-2.266774770860008337e-01 -1.516762628696449733e-01 2.633659209576288962e-02
-2.219779855029347937e-01 -1.495648291345658132e-01 2.088143083212995466e-02
-2.174660546421776086e-01 -1.479127108073634567e-01 1.519125813719335305e-02
-2.131843584245430856e-01 -1.467123500830914695e-01 9.323863252294672943e-03
-2.091702925790005496e-01 -1.459521555017980754e-01 3.333878557084168914e-03
-2.054559629907370955e-01 -1.456176313922441512e-01 -2.727451306563710709e-03
-2.020683262690436965e-01 -1.456923932448220826e-01 -8.812309473806623217e-03
-1.990294520569310111e-01 -1.461590429740078356e-01 -1.487619649581306547e-02
-1.963568761695754228e-01 -1.469998906455312060e-01 -2.087770820977719044e-02
-1.940640149445205243e-01 -1.481975194444820065e-01 -2.677823652360389328e-02
-1.921606137171076867e-01 -1.497351982986576679e-01 -3.254162270314830963e-02
-1.906532056336431857e-01 -1.515971517765397625e-01 -3.813378731309935432e-02
-1.895455606800805493e-01 -1.537686999578590230e-01 -4.352235577749630213e-02
-1.888391085144739412e-01 -1.562362823226635111e-01 -4.867629398026973586e-02
-1.885333222111702511e-01 -1.589873797418913659e-01 -5.356556463408812530e-02
-1.886260531974055521e-01 -1.620103477786208890e-01 -5.816081238741810377e-02
-1.891138104015345212e-01 -1.652941730804704523e-01 -6.243308380198386853e-02
-1.899919789057441522e-01 -1.688281629624818203e-01 -6.635358734420238047e-02
-1.912549752175360940e-01 -1.726015765959777459e-01 -6.989349829153657101e-02
-1.928963376883331415e-01 -1.766032047360416302e-01 -7.302381384138723064e-02
-1.949087516819262289e-01 -1.808209038058830043e-01 -7.571526460578925644e-02
-1.972840099133524872e-01 -1.852410895517161427e-01 -7.793828995864648945e-02
-2.000129090340210247e-01 -1.898481955108244357e-01 -7.966308624864903987e-02
-2.030850841324889355e-01 -1.946241023108357115e-01 -8.085973856455541675e-02
-2.064887834582149750e-01 -1.995475454435482465e-01 -8.149844838296738114e-02
-2.102105864671263147e-01 -2.045935117239182643e-01 -8.154987085108389433e-02
-2.142350693435418618e-01 -2.097326382258009048e-01 -8.098557642045867144e-02
-2.185444235820641623e-01 -2.149306321163295674e-01 -7.977865175624243577e-02
-2.231180351184783861e-01 -2.201477354658198937e-01 -7.790445393695022425e-02
-2.279320339698983622e-01 -2.253382656719681298e-01 -7.534152950207528843e-02
-2.329588274460780983e-01 -2.304502693533060365e-01 -7.207270541172294820e-02
-2.381666337504371178e-01 -2.354253350019359647e-01 -6.808635193806000796e-02
-2.435190371646899221e-01 -2.401986166713994120e-01 -6.337780742043008786e-02
-2.489745908830880428e-01 -2.446991265682348926e-01 -5.795094129781852565e-02
-2.544864986951650421e-01 -2.488503573729096141e-01 -5.181981471988339472e-02
-2.600024117309679417e-01 -2.525712939123051504e-01 -4.501037754055758899e-02
-2.654643808353764900e-01 -2.557778667122069249e-01 -3.756211737603665224e-02
-2.708090081067417998e-01 -2.583848852048401534e-01 -2.952955215241537257e-02
-2.759678418336785066e-01 -2.603084644158607519e-01 -2.098343454536832908e-02
-2.808680564893737408e-01 -2.614689248867976268e-01 -1.201151822708879102e-02
-2.854334525693561497e-01 -2.617941015779529090e-01 -2.718726015953243369e-03
-2.895857989864485393e-01 -2.612229453265557666e-01 6.773436504980356876e-03
-2.932465228942596758e-01 -2.597092439347646886e-01 1.632835708689933663e-02
-2.963387281959555253e-01 -2.572252352137713860e-01 2.579677536392593895e-02
-2.987894954197216624e-01 -2.537648394429445897e-01 3.502025168473676953e-02
-3.005323839238606132e-01 -2.493462131147421434e-01 4.383558881806637331e-02
-3.015100254256201096e-01 -2.440133287729272515e-01 5.208004984317660124e-02
-3.016766694686597861e-01 -2.378363243418913919e-01 5.959711292616537426e-02
-3.010005210639470352e-01 -2.309104424116336096e-01 6.624241204711567299e-02
-2.994657027038831743e-01 -2.233534921311293164e-01 7.188944801135721541e-02
-2.970736807222758014e-01 -2.153019032330092397e-01 7.643463082099588579e-02
-2.938440212736942447e-01 -2.069055863690758557e-01 7.980124246248665454e-02
-2.898143833232871280e-01 -1.983219454281079930e-01 8.194199030128129779e-02
-2.850397115300050688e-01 -1.897094847153887320e-01 8.283994800357769028e-02
-2.795906548496798205e-01 -1.812215000363810447e-01 8.250783668948685756e-02
-2.735512995075254361e-01 -1.730003293926110075e-01 8.098576116455030727e-02
-2.670163597470561756e-01 -1.651725682010590779e-01 7.833766028672001225e-02
-2.600880095755712107e-01 -1.578455378870923242e-01 7.464683603937655176e-02
-2.528725590358640307e-01 -1.511051549456123855e-01 7.001097970479852606e-02
-2.454771778536625204e-01 -1.450152026204634126e-01 6.453711265162848099e-02
-2.380068493129037233e-01 -1.396178798729477144e-01 5.833681030894594111e-02
-2.305617021639067010e-01 -1.349354072771231650e-01 5.152199468353296785e-02
-2.232348241171864256e-01 -1.309724142043576789e-01 4.420148043621885403e-02
-2.161106132559279525e-01 -1.277188158241339133e-01 3.647835872307386706e-02
-2.092636790845058270e-01 -1.251529057636824316e-01 2.844821491919913292e-02
-2.027582670921975749e-01 -1.232444309893615531e-01 2.019810914556618986e-02
-1.966481521028623503e-01 -1.219574689548710289e-01 1.180620521931496913e-02
-1.909769270866603641e-01 -1.212529837817480916e-01 3.341913007381847045e-03
-1.857786049605810730e-01 -1.210909909868890244e-01 -5.133592845277035188e-03
-1.810784497250002012e-01 -1.214323045436117576e-01 -1.356660352759697652e-02
-1.768939581429029850e-01 -1.222398738341834434e-01 -2.190996245111576091e-02
-1.732359220585635295e-01 -1.234797412203390010e-01 -3.012209120765629855e-02
-1.701095125522376073e-01 -1.251216646724895298e-01 -3.816601632464022842e-02
-1.675153389513739377e-01 -1.271394559456759943e-01 -4.600843780293928376e-02
-1.654504471692053169e-01 -1.295110851292720078e-01 -5.361886368022550364e-02
-1.639092321922179796e-01 -1.322185988517728950e-01 -6.096882199880226949e-02
-1.628842483793788709e-01 -1.352478935199408205e-01 -6.803115240875157177e-02
-1.623669084038746879e-01 -1.385883778917295084e-01 -7.477937373917109554e-02
-1.623480671723357416e-01 -1.422325518686329282e-01 -8.118712063313782146e-02
-1.628184910187704393e-01 -1.461755212054434150e-01 -8.722764117572356923e-02
-1.637692150751742792e-01 -1.504144612145369431e-01 -9.287334783048939446e-02
-1.651917931795454653e-01 -1.549480366730320302e-01 -9.809541552602851766e-02
-1.670784452100303463e-01 -1.597757801108278253e-01 -1.028634231021664514e-01
-1.694221065363381573e-01 -1.648974264997354888e-01 -1.071450373431458436e-01
-1.722163835456738123e-01 -1.703121990977753963e-01 -1.109057423889342475e-01
-1.754554181031037219e-01 -1.760180388619239089e-01 -1.141086213886193246e-01
-1.791336625056166865e-01 -1.820107684988213625e-01 -1.167142018465359143e-01
-1.832455651388265050e-01 -1.882831820049242211e-01 -1.186803812322746454e-01
-1.877851658008231617e-01 -1.948240516560034719e-01 -1.199624550851472460e-01
-1.927455986859288872e-01 -2.016170471240341655e-01 -1.205132759973726042e-01
-1.981185005100628560e-01 -2.086395660971610555e-01 -1.202835783716866835e-01
-2.038933214277550698e-01 -2.158614829056557660e-01 -1.192225104388704437e-01
-2.100565374955609688e-01 -2.232438317211707934e-01 -1.172784212055446584e-01
-2.165907657769040595e-01 -2.307374544160440966e-01 -1.143999550258021358e-01
-2.234737870977507868e-01 -2.382816605891231454e-01 -1.105375092489819799e-01
-2.306774873152168670e-01 -2.458029688268649204e-01 -1.056451093764962934e-01
-2.381667361124185645e-01 -2.532140238231110896e-01 -9.968274940252619398e-02
-2.458982330867259813e-01 -2.604128127297424822e-01 -9.261923013309170116e-02
-2.538193644219643996e-01 -2.672823342906158750e-01 -8.443550259805432390e-02
-2.618671296425407746e-01 -2.736909028438772040e-01 -7.512848451018194762e-02
-2.699672163501863897e-01 -2.794932914425676262e-01 -6.471526291322793334e-02
-2.780333203708401646e-01 -2.845329275875956299e-01 -5.323752481971455452e-02
-2.859668275496689560e-01 -2.886453431135578285e-01 -4.076597124797420868e-02
-2.936569887629569831e-01 -2.916630372359458878e-01 -2.740437372515713843e-02
-3.009817278249202754e-01 -2.934218295357355899e-01 -1.329283599110731018e-02
-3.078092182679085242e-01 -2.937686511285366731e-01 1.390257026528174400e-03
-3.140003444550637512e-01 -2.925705465205279410e-01 1.642816471925284683e-02
-3.194121205124719198e-01 -2.897244440998767434e-01 3.156813471125041737e-02
-3.239020740980916857e-01 -2.851670208603953593e-01 4.652660535257696628e-02
-3.273335111266408859e-01 -2.788837719074702681e-01 6.099750018036803612e-02
-3.295814670004310054e-01 -2.709162447414104058e-01 7.466353626573118962e-02
-3.305390302482927867e-01 -2.613663645553730985e-01 8.721007399739588717e-02
-3.301236122767873260e-01 -2.503969050367197413e-01 9.834060832367252925e-02
-3.282826531124481972e-01 -2.382274718898160781e-01 1.077926158808834578e-01
-3.249982193960790910e-01 -2.251258484581054597e-01 1.153522170992535290e-01
-3.202899851194414005e-01 -2.113951440840532436e-01 1.208660676213283436e-01
-3.142161954777460409e-01 -1.973577855706616369e-01 1.242491060096010402e-01
-3.068723933148614913e-01 -1.833378793600610734e-01 1.254872468203980795e-01
-2.983879139975927908e-01 -1.696437369520766847e-01 1.246347494996962180e-01
-2.889203937082438500e-01 -1.565523328712500328e-01 1.218066939948709293e-01
-2.786487482775069635e-01 -1.442971537135671056e-01 1.171676135927238738e-01
-2.677652290351398845e-01 -1.330603672420658246e-01 1.109177536260310126e-01
-2.564672257508079367e-01 -1.229696089872283071e-01 1.032785731231391502e-01
-2.449494595127310603e-01 -1.140990805522494878e-01 9.447898481385491598e-02
-2.333971032085625508e-01 -1.064741864918187231e-01 8.474349757140842154e-02
-2.219802101059626942e-01 -1.000786658924448513e-01 7.428298103521863149e-02
-2.108496533705284115e-01 -9.486310785099272280e-02 6.328831666007517232e-02
-2.001346105133579023e-01 -9.075384083220550124e-02 5.192681372711466237e-02
-1.899414882787974213e-01 -8.766139452705890012e-02 4.034099912474475857e-02
-1.803540867535435854e-01 -8.548798606521201826e-02 2.864924667201590447e-02
-1.714347482896383390e-01 -8.413372845649891296e-02 1.694767925901358163e-02
-1.632262218676792109e-01 -8.350146461385143937e-02 5.312824474377864092e-03
-1.557539875380408168e-01 -8.350028045486790340e-02 -6.195402089991031147e-03
-1.490288182689779584e-01 -8.404784498537409831e-02 -1.753070116315458282e-02
-1.430493985785540323e-01 -8.507177229991225165e-02 -2.865759042656490507e-02
-1.378048634607332845e-01 -8.651021214676513083e-02 -3.954891954946282429e-02
-1.332771624025095303e-01 -8.831186424163672832e-02 -5.018374817358595141e-02
-1.294431889136697933e-01 -9.043558709800525452e-02 -6.054558688644151587e-02
-1.262766447875721676e-01 -9.284974234275067406e-02 -7.062097094215802340e-02
-1.237496302429771378e-01 -9.553138529155380532e-02 -8.039832044029704416e-02
-1.218339667972209162e-01 -9.846538484837707994e-02 -8.986703478039803628e-02
-1.205022701452254097e-01 -1.016435319175731378e-01 -9.901676991715713250e-02
-1.197287965074077531e-01 -1.050636758304120955e-01 -1.078368514533829536e-01
-1.194900888463210631e-01 -1.087289125649230082e-01 -1.163157829114770392e-01
-1.197654498921186805e-01 -1.126468362649108990e-01 -1.244408152887467311e-01
-1.205372677617514432e-01 -1.168288561224407607e-01 -1.321975504384954592e-01
-1.217912176543971547e-01 -1.212895734607146725e-01 -1.395695565372343516e-01
-1.235163600668511830e-01 -1.260462082780320348e-01 -1.465379787837896020e-01
-1.257051524919308161e-01 -1.311180601006606272e-01 -1.530811325945645729e-01
-1.283533878401521555e-01 -1.365259843350148383e-01 -1.591740700904273886e-01
-1.314600689852675197e-01 -1.422918620766815412e-01 -1.647881138653141120e-01
-1.350272249461810237e-01 -1.484380382683855304e-01 -1.698903551827543046e-01
-1.390596703085112962e-01 -1.549867000171623044e-01 -1.744431172005029840e-01
-1.435647055585791421e-01 -1.619591636781123611e-01 -1.784033879501046860e-01
-1.485517520367936051e-01 -1.693750359765195945e-01 -1.817222330164003363e-01
-1.540319112020688275e-01 -1.772512110778927674e-01 -1.843442046411041257e-01
-1.600174338354353187e-01 -1.856006623880412931e-01 -1.862067728368975716e-01
-1.665210807356071188e-01 -1.944309854425286810e-01 -1.872398156111497736e-01
-1.735553524673759673e-01 -2.037426472754525486e-01 -1.873652201458819722e-01
-1.811315620013651539e-01 -2.135268992563105206e-01 -1.864966653058849344e-01
-1.892587209473801657e-01 -2.237633161321340713e-01 -1.845396785438956355e-01
-1.979422080297570385e-01 -2.344169360598683527e-01 -1.813920872080337920e-01
-2.071821882159434747e-01 -2.454349975591155752e-01 -1.769450149007258943e-01
-2.169717535241078021e-01 -2.567433030182871834e-01 -1.710846063644350101e-01
-2.272947633961939218e-01 -2.682422886496551584e-01 -1.636946963226364460e-01
-2.381233754196138142e-01 -2.798029517901396979e-01 -1.546606635285654452e-01
-2.494152782837801841e-01 -2.912628817907132461e-01 -1.438747227593339950e-01
-2.611106706021919521e-01 -3.024227621440803704e-01 -1.312428927861969408e-01
-2.731290740381066007e-01 -3.130438567401917505e-01 -1.166938216214034041e-01
-2.853661289231632647e-01 -3.228471531592229660e-01 -1.001895322831720669e-01
-2.976905957359987642e-01 -3.315149912644070884e-01 -8.173795221648072484e-02
-3.099418742450876785e-01 -3.386961225380744622e-01 -6.140678973830715481e-02
-3.219284473855718032e-01 -3.440151746212913864e-01 -3.933791470473135821e-02
-3.334277465596428014e-01 -3.470873709736213009e-01 -1.576090351141579138e-02
-3.441879990510484655e-01 -3.475390044399193634e-01 8.996127992609515012e-03
-3.539326288842514767e-01 -3.450335229847787399e-01 3.450075608988717457e-02
-3.623677063691287392e-01 -3.393021330260259649e-01 6.021816032548493736e-02
-3.691927456576731270e-01 -3.301766164358674871e-01 8.552318675869668985e-02
-3.741148115729501233e-01 -3.176207629327865156e-01 1.097242997802753695e-01
-3.768654196019773917e-01 -3.017557426561482403e-01 1.320997176646002691e-01
-3.772191392809894905e-01 -2.828742842090964382e-01 1.519439395422916284e-01
-3.750122334491471365e-01 -2.614390777307933345e-01 1.686204451469274224e-01
-3.701592199997534305e-01 -2.380626206468213768e-01 1.816141483592340067e-01
-3.626650819765313560e-01 -2.134686555342829584e-01 1.905759241301804852e-01
-3.526310992637692321e-01 -1.884388703311891122e-01 1.953518319684573457e-01
-3.402529686599613523e-01 -1.637517386271798436e-01 1.959917766533298966e-01
-3.258109322913845807e-01 -1.401222883946799946e-01 1.927359426608765691e-01
-3.096528377035707713e-01 -1.181515246606286151e-01 1.859815125244776435e-01
-2.921721276050694982e-01 -9.829214098082239559e-02 1.762357574156425133e-01
-2.737834448035381119e-01 -8.083366428632132727e-02 1.640635764031711519e-01
-2.548986898827734215e-01 -6.590634924695304431e-02 1.500375326357671901e-01
-2.359059939539694950e-01 -5.350003308267481383e-02 1.346966550549028030e-01
-2.171533158215441794e-01 -4.349245016761960070e-02 1.185175128911218900e-01
-1.989374662984453312e-01 -3.568130188966556204e-02 1.018982341957277438e-01
-1.814985191932670938e-01 -2.981533203382846775e-02 8.515393016894479139e-02
-1.650189372982582281e-01 -2.562120536883050193e-02 6.852072691062366383e-02
-1.496263805880209130e-01 -2.282459221662747062e-02 5.216526071394095299e-02
-1.353990535014721885e-01 -2.116516967486736789e-02 3.619680870811792239e-02
-1.223725237966762913e-01 -2.040611624522370438e-02 2.067988914979163040e-02
-1.105471293555643220e-01 -2.033911718394731949e-02 5.645910330868919580e-03
-9.989531373630367028e-02 -2.078601431610949124e-02 -8.896894805174748733e-03
-9.036844882071681795e-02 -2.159814844383822763e-02 -2.295551540002693791e-02
-8.190288724899130735e-02 -2.265425929603748223e-02 -3.654613367948300606e-02
-7.442512874493234509e-02 -2.385759970862799673e-02 -4.968978400685897245e-02
-6.785608385192931635e-02 -2.513272889103146390e-02 -6.240939037976966919e-02
-6.211448241875239251e-02 -2.642229241892091185e-02 -7.472786713424506289e-02
-5.711951058493647260e-02 -2.768397759586826989e-02 -8.666699952559764331e-02
-5.279277687006656006e-02 -2.888774810356198319e-02 -9.824686909269009227e-02
-4.905971180932988673e-02 -3.001340461362356216e-02 -1.094856400168605637e-01
-4.585050137562662886e-02 -3.104848125241410628e-02 -1.203995697647404217e-01
-4.310064572740435196e-02 -3.198646547809913532e-02 -1.310031468903649632e-01
-4.075122400361008701e-02 -3.282531638348484826e-02 -1.413092901649714017e-01
-3.874893447325600260e-02 -3.356625029505133639e-02 -1.513295667459121363e-01
-3.704596825300332519e-02 -3.421276045389531895e-02 -1.610744040454320514e-01
-3.559976454266022827e-02 -3.476983796639077084e-02 -1.705532816454015110e-01
-3.437268614512145604e-02 -3.524336307143416391e-02 -1.797748972897211805e-01
-3.333164602086957640e-02 -3.563963842209671995e-02 -1.887473057599198256e-01
-3.244770876694635930e-02 -3.596503909656856290e-02 -1.974780321781413051e-01
-3.169568513961340539e-02 -3.622575716568232629e-02 -2.059741626575495310e-01
-3.105373296256808135e-02 -3.642762168162072545e-02 -2.142424157273876695e-01
-3.050297386917588671e-02 -3.657597780993759873e-02 -2.222891979479110214e-01
-3.002713220529473759e-02 -3.667561144394315686e-02 -2.301206468364270785e-01
-2.961219995955477469e-02 -3.673070798587885211e-02 -2.377426638038816487e-01
-2.924612968790130108e-02 -3.674483604285927463e-02 -2.451609393465886688e-01
-2.891855596513859261e-02 -3.672094857127017331e-02 -2.523809723037669928e-01
-2.862054484437359658e-02 -3.666139552481562092e-02 -2.594080846055724088e-01
-2.834437006209655774e-02 -3.656794333854507251e-02 -2.662474326084324217e-01
-2.808331422859644544e-02 -3.644179763734078925e-02 -2.729040158448321485e-01
-2.783149293642428468e-02 -3.628362641751525786e-02 -2.793826837980640798e-01
-2.758369955837647325e-02 -3.609358163941522868e-02 -2.856881411412298677e-01
-2.733526845352673984e-02 -3.587131771139484560e-02 -2.918249517456936726e-01
-2.708195432474935771e-02 -3.561600576367829341e-02 -2.977975416593789948e-01
-2.681982554951123365e-02 -3.532634292484160277e-02 -3.036102011726617977e-01
-2.654516941824536236e-02 -3.500055604198226700e-02 -3.092670860230782859e-01
-2.625440734643091911e-02 -3.463639944381669000e-02 -3.147722177344906003e-01
-2.594401826629766372e-02 -3.423114644736058310e-02 -3.201294830374056266e-01
-2.561046854344051216e-02 -3.378157436478701481e-02 -3.253426322711873153e-01
-2.525014689655358247e-02 -3.328394278683344254e-02 -3.304152766227139715e-01
-2.485930292075855252e-02 -3.273396491035551747e-02 -3.353508840067391805e-01
-2.443398792387563301e-02 -3.212677164641386529e-02 -3.401527733379869911e-01
-2.396999687879353136e-02 -3.145686819650295174e-02 -3.448241068810344867e-01
-2.346281037299746686e-02 -3.071808272204101797e-02 -3.493678802882104195e-01
-2.290753549807444944e-02 -2.990350665910790351e-02 -3.537869098446353444e-01
-2.229884466781073549e-02 -2.900542614914192185e-02 -3.580838163291287790e-01
-2.163091138385042633e-02 -2.801524396904686576e-02 -3.622610047652728982e-01
-2.089734198352333205e-02 -2.692339125297438240e-02 -3.663206391727260591e-01
-2.009110240634193190e-02 -2.571922820513705688e-02 -3.702646112280354451e-01
-1.920443900493040701e-02 -2.439093291102689687e-02 -3.740945014983002581e-01
-1.822879240419550406e-02 -2.292537726684495958e-02 -3.778115316098876741e-01
-1.715470338107027981e-02 -2.130798896850816249e-02 -3.814165053455755849e-01
-1.597170969834926790e-02 -1.952259843891013258e-02 -3.849097362119238142e-01
-1.466823278280704468e-02 -1.755126953439356541e-02 -3.882909584660787505e-01
-1.323145309376538847e-02 -1.537411287156287276e-02 -3.915592179155568120e-01
-1.164717298866380091e-02 -1.296908067160251754e-02 -3.947127379793462509e-01
-9.899665864038675878e-03 -1.031174215607666422e-02 -3.977487554923351265e-01
-7.971510343275700627e-03 -7.375038780130349636e-03 -4.006633195102228262e-01
-5.843408309862518912e-03 -4.129019003266343191e-03 -4.034510448850290310e-01
-3.493985664895671306e-03 -5.405529389745922231e-04 -4.061048105817334219e-01
-8.995748453638485742e-04 3.426971819649515805e-03 -4.086153905378124840e-01
1.966021590441902056e-03 7.813970511194923141e-03 -4.109710022676390517e-01
5.131786575291841235e-03 1.266499298161694043e-02 -4.131567553187222019e-01
8.629762956656017447e-03 1.802905945372335061e-02 -4.151539780355613107e-01
1.249534538463137334e-02 2.395998891817180398e-02 -4.169393968312063992e-01
1.676758693091001673e-02 3.051670338082479450e-02 -4.184841372872107890e-01
2.148951573665408565e-02 3.776348380486937995e-02 -4.197525109355301209e-01
2.670845422592343921e-02 4.577014351463015718e-02 -4.207005456538491783e-01
3.247632958922053170e-02 5.461207121178801582e-02 -4.212742115224664685e-01
3.884995897177800916e-02 6.437007748461637258e-02 -4.214072882982999868e-01
4.589128561477784363e-02 7.512995438179526086e-02 -4.210188163154848784e-01
5.366753247874811450e-02 8.698162559576083641e-02 -4.200100711947110099e-01
6.225122684801204231e-02 1.000177231115187415e-01 -4.182610067289552758e-01
7.172003211214000862e-02 1.143313727325485640e-01 -4.156261235543697863e-01
8.215630019994435429e-02 1.300129037423898293e-01 -4.119297494802103277e-01
9.364622871197425535e-02 1.471451158680568971e-01 -4.069607690788795695e-01
1.062784693315938500e-01 1.657966402487530688e-01 -4.004669273244542138e-01
1.201419874742807870e-01 1.860128245136936642e-01 -3.921489712032059094e-01
1.353229169194729575e-01 2.078034662901019347e-01 -3.816551059666450918e-01
1.519000884278685626e-01 2.311266369229291739e-01 -3.685765557295335171e-01
1.699388420407556000e-01 2.558678187344951560e-01 -3.524454609200701194e-01
1.894826679142611048e-01 2.818136933811776768e-01 -3.327369436890100785e-01
2.105421774593490003e-01 3.086202730933103044e-01 -3.088779356709214774e-01
2.330809151600245488e-01 3.357758164396150713e-01 -2.802662565009824691e-01
2.569976294711727727e-01 3.625603204113694300e-01 -2.463043361981651636e-01
2.821048989964938247e-01 3.880055616519947348e-01 -2.064526196186430296e-01
3.081045518626099877e-01 4.108628553946022666e-01 -1.603075758391999672e-01
3.345612311553186613e-01 4.295898903029519711e-01 -1.077075586842637378e-01
3.608768430708767516e-01 4.423726786827287816e-01 -4.886543563263967549e-02
3.862704959283886907e-01 4.472024610544065859e-01 1.548123993021804923e-02
4.097707306911450575e-01 4.420276980752103624e-01 8.392430774205072996e-02
4.302288562161469265e-01 4.249941777087025696e-01 1.542810271083547291e-01
4.463630635129077762e-01 3.947675713753278082e-01 2.235846110833688560e-01
4.568412680438190265e-01 3.509006731013221136e-01 2.882269041744270899e-01
4.604047832780353011e-01 2.941669643964079928e-01 3.442942072245460672e-01
4.560242386921575797e-01 2.267486807060283827e-01 3.880896094102562754e-01
4.430650584491976907e-01 1.521662020736320176e-01 4.167603136221121884e-01
4.214269487399729952e-01 7.488871931289242667e-02 4.288726385478898173e-01
3.916173659091146675e-01 -3.277671886215971497e-04 4.247458786618421578e-01
3.547291000704380082e-01 -6.921069948476621381e-02 4.064076762774663787e-01
3.123170849270849869e-01 -1.286214243751966357e-01 3.771636506675516975e-01
2.662005321519255729e-01 -1.768969129570124865e-01 3.409216002026769221e-01
2.182391499012164005e-01 -2.138207870210214745e-01 3.014927220352193182e-01
1.701356144792234848e-01 -2.403033653815932480e-01 2.620665211263197847e-01
1.233005862415805787e-01 -2.579305756739231903e-01 2.249514851395420512e-01
7.879155357433398343e-02 -2.685352461387205958e-01 1.915606930733080859e-01
3.731512898553629443e-02 -2.738821003572035062e-01 1.625554583188733027e-01
-7.287548192200787867e-04 -2.754884540413931049e-01 1.380514235423548897e-01
-3.518308800847591566e-02 -2.745573672873904414e-01 1.178182052113835865e-01
-6.606746200433866179e-02 -2.719839831780185291e-01 1.014383489736185306e-01
-9.351922776456489395e-02 -2.683991366767534137e-01 8.841773801084895634e-02
-1.177463705991312892e-01 -2.642252163722685898e-01 7.825379575607588345e-02
-1.389925685947750456e-01 -2.597301291026608006e-01 7.047261251671488314e-02
-1.575129625610824924e-01 -2.550730878972805593e-01 6.464571905884014535e-02
-1.735584727759894585e-01 -2.503406101997885935e-01 6.039483097683961965e-02
-1.873664985492438095e-01 -2.455734101982881556e-01 5.739025705558681301e-02
-1.991561444771074996e-01 -2.407857284387726615e-01 5.534651436401738511e-02
-2.091265092625044231e-01 -2.359787584747945477e-01 5.401716772537945577e-02
-2.174569413669076301e-01 -2.311496300869647635e-01 5.318992380045861612e-02
-2.243084705353125541e-01 -2.262971179715556058e-01 5.268241461193284847e-02
-2.298258596630261552e-01 -2.214249674070690732e-01 5.233877035063094763e-02
-2.341398962587517563e-01 -2.165435015255873230e-01 5.202690903400525313e-02
-2.373696697218623530e-01 -2.116700037841560134e-01 5.163639549847776067e-02
-2.396246720446264522e-01 -2.068282462728850968e-01 5.107670297340755061e-02
-2.410066253589566720e-01 -2.020474480453856581e-01 5.027572198856589125e-02
-2.416109874129855895e-01 -1.973608865480023233e-01 4.917838856697398509e-02
-2.415281207890532800e-01 -1.928043403047190463e-01 4.774533745760917158e-02
-2.408441369206736349e-01 -1.884145055553378967e-01 4.595152090032633696e-02
-2.396414439450291756e-01 -1.842274991157403230e-01 4.378476543576603763e-02
-2.379990395389978142e-01 -1.802775318489103773e-01 4.124426622549964838e-02
-2.359925970582693600e-01 -1.765958108256076020e-01 3.833903885918321652e-02
-2.336943962347686199e-01 -1.732097035704328603e-01 3.508636215225019450e-02
-2.311731490285127144e-01 -1.701421753756194866e-01 3.151025216157604669e-02
-2.284937676392184702e-01 -1.674114913629994872e-01 2.764000834957797137e-02
-2.257171158697718338e-01 -1.650311595260981479e-01 2.350886872430429930e-02
-2.228997777356557242e-01 -1.630100798387953409e-01 1.915280332538332742e-02
-2.200938691556025839e-01 -1.613528577465502822e-01 1.460946610155511305e-02
-2.173469104002820895e-01 -1.600602376621907963e-01 9.917315388119185560e-03
-2.147017692729324967e-01 -1.591296128745727234e-01 5.114903936401460349e-03
-2.121966781683917169e-01 -1.585555717607392001e-01 2.403315424848728732e-04
-2.098653224780053783e-01 -1.583304455152083623e-01 -4.669152794496089776e-03
-2.077369934087320846e-01 -1.584448289506684704e-01 -9.577416445309627768e-03
-2.058367951735278201e-01 -1.588880525681319877e-01 -1.444959607827267511e-02
-2.041858945985354223e-01 -1.596485904803320865e-01 -1.925215835663507402e-02
-2.028018003262529456e-01 -1.607143945074274161e-01 -2.395288838563547351e-02
-2.016986587811806508e-01 -1.620731496176894826e-01 -2.852082459665594705e-02
-2.008875547021816699e-01 -1.637124497648723143e-01 -3.292615695436063028e-02
-2.003768051385356186e-01 -1.656198960936303699e-01 -3.714010336048068073e-02
-2.001722371806265999e-01 -1.677831215362470818e-01 -4.113477713904067912e-02
-2.002774412071891552e-01 -1.701897471473425849e-01 -4.488305668921510616e-02
-2.006939929679251167e-01 -1.728272762814503372e-01 -4.835846688819323003e-02
-2.014216393049028664e-01 -1.756829330811827683e-01 -5.153508066852474645e-02
-2.024584437008182247e-01 -1.787434518754685842e-01 -5.438744839022302546e-02
-2.038008891060236749e-01 -1.819948241396484034e-01 -5.689056215152654694e-02
-2.054439366406628498e-01 -1.854220097771690501e-01 -5.901986198166930819e-02
-2.073810398126828547e-01 -1.890086197631447584e-01 -6.075129086156694225e-02
-2.096041148699998580e-01 -1.927365777410043890e-01 -6.206140563332807059e-02
-2.121034688585371475e-01 -1.965857690625710807e-01 -6.292755097932711816e-02
-2.148676879361993697e-01 -2.005336870646021730e-01 -6.332810365093921590e-02
-2.178834895475888489e-01 -2.045550881099099660e-01 -6.324279386200692965e-02
-2.211355432455853753e-01 -2.086216690845176247e-01 -6.265311006943385941e-02
-2.246062662984298353e-01 -2.127017835874209783e-01 -6.154279206174373407e-02
-2.282756017786076175e-01 -2.167602158760235653e-01 -5.989841517140992444e-02
-2.321207886097397255e-01 -2.207580345702754299e-01 -5.771006532005773515e-02
-2.361161350428101491e-01 -2.246525509226459105e-01 -5.497210031220678417e-02
-2.402328092036927210e-01 -2.283974087866611491e-01 -5.168398716636823931e-02
-2.444386626185404143e-01 -2.319428348215922808e-01 -4.785119823876804457e-02
-2.486981048496410551e-01 -2.352360774173083424e-01 -4.348614049944909965e-02
-2.529720493705932549e-01 -2.382220606985936406e-01 -3.860908277798424937e-02
-2.572179523221427289e-01 -2.408442751278091487e-01 -3.324903554662739236e-02
-2.613899665038631470e-01 -2.430459180636423966e-01 -2.744452756674375937e-02
-2.654392325078548387e-01 -2.447712856892433342e-01 -2.124421450834934610e-02
-2.693143268990276784e-01 -2.459674018074039514e-01 -1.470724778001286648e-02
-2.729618834165021823e-01 -2.465858493520264316e-01 -7.903328833639977624e-03
-2.763273970058024442e-01 -2.465847478992770903e-01 -9.123767994172471418e-04
-2.793562119251231657e-01 -2.459307964878523212e-01 6.176252982434682348e-03
-2.819946842528701092e-01 -2.446012779206370169e-01 1.326504397551780956e-02
-2.841914962047689119e-01 -2.425859013203854886e-01 2.025010476114713631e-02
-2.858990854472751586e-01 -2.398883473661131971e-01 2.702344968784431423e-02
-2.870751381434294425e-01 -2.365273786602254402e-01 3.347571615493616370e-02
-2.876840811974062939e-01 -2.325373888145512158e-01 3.949921752181750900e-02
-2.876984987107504832e-01 -2.279682896239814127e-01 4.499118946972302524e-02
-2.871003917033095876e-01 -2.228846758278113516e-01 4.985705411020574518e-02
-2.858822001551628578e-01 -2.173642589355793131e-01 5.401350571593227512e-02
-2.840475133803024299e-01 -2.114956206637434999e-01 5.739121913539602104e-02
-2.816114089019409183e-01 -2.053753961243536263e-01 5.993699924882128771e-02
-2.786003807128863974e-01 -1.991050495407724608e-01 6.161522698332516645e-02
-2.750518434860239614e-01 -1.927874437658346762e-01 6.240851113321455035e-02
-2.710132275625179998e-01 -1.865234237061473843e-01 6.231751947709884831e-02
-2.665407074998004111e-01 -1.804086301085228161e-01 6.136002955612390730e-02
-2.616976316325791974e-01 -1.745307345674247390e-01 5.956930059106857467e-02
-2.565527388807161691e-01 -1.689672428481895361e-01 5.699191597437430756e-02
-2.511782600872629612e-01 -1.637839579893093367e-01 5.368527544340984115e-02
-2.456480036741437445e-01 -1.590341347477218781e-01 4.971492531989779584e-02
-2.400355196456634976e-01 -1.547583002911607775e-01 4.515190512309463777e-02
-2.344124232106138406e-01 -1.509846687981069024e-01 4.007026308838079753e-02
-2.288469414918019584e-01 -1.477300438171507135e-01 3.454485696964193497e-02
-2.234027262484286069e-01 -1.450010834255216485e-01 2.864951583216596154e-02
-2.181379545316989299e-01 -1.427957987204648838e-01 2.245559872383628974e-02
-2.131047196868618432e-01 -1.411051635978074481e-01 1.603095129854015255e-02
-2.083486985508623546e-01 -1.399147297818827962e-01 9.439234237603233435e-03
-2.039090679283765972e-01 -1.392061620864728511e-01 2.739578684495092009e-03
-1.998186347498864812e-01 -1.389586316418593981e-01 -4.013486418450118443e-03
-1.961041395476212923e-01 -1.391500267241037037e-01 -1.076989342256229332e-02
-1.927866915232474554e-01 -1.397579600906436736e-01 -1.748373761693777784e-02
-1.898822948323737325e-01 -1.407605673756024967e-01 -2.411287170083609155e-02
-1.874024290199943765e-01 -1.421371028069380316e-01 -3.061843552249787770e-02
-1.853546510850917484e-01 -1.438683464398573530e-01 -3.696435503278283630e-02
-1.837431918031954270e-01 -1.459368417265802798e-01 -4.311683624354345490e-02
-1.825695241898601662e-01 -1.483269841825046731e-01 -4.904387278791288995e-02
-1.818328869762321220e-01 -1.510249818192331839e-01 -5.471477979257977076e-02
-1.815307504452712273e-01 -1.540187065114542175e-01 -6.009976230685276644e-02
-1.816592158057863671e-01 -1.572974530813278093e-01 -6.516952345425208737e-02
-1.822133424084090292e-01 -1.608516200585489164e-01 -6.989491565424255093e-02
-1.831873995440214120e-01 -1.646723231509108487e-01 -7.424663753775262443e-02
-1.845750413669261514e-01 -1.687509497032474437e-01 -7.819497937491148853e-02
-1.863694047379226282e-01 -1.730786600344705883e-01 -8.170962078223642511e-02
-1.885631305906418920e-01 -1.776458396827295116e-01 -8.475948603307403850e-02
-1.911483099031434651e-01 -1.824415053923440500e-01 -8.731266433070994371e-02
-1.941163556275580238e-01 -1.874526672679285300e-01 -8.933640479922055899e-02
-1.974578021196597977e-01 -1.926636500269104380e-01 -9.079719858079371431e-02
-2.011620338480943904e-01 -1.980553778345314209e-01 -9.166096315806393502e-02
-2.052169455847250301e-01 -2.036046299459882691e-01 -9.189334666477155800e-02
-2.096085370236604462e-01 -2.092832784497058451e-01 -9.146017226547586976e-02
-2.143204459922555261e-01 -2.150575249290838098e-01 -9.032804434964014639e-02
-2.193334262502424359e-01 -2.208871599192163693e-01 -8.846513886791118608e-02
-2.246247784668357061e-01 -2.267248776268832033e-01 -8.584219909084522815e-02
-2.301677464490616831e-01 -2.325156883616342762e-01 -8.243375472206249110e-02
-2.359308951643164232e-01 -2.381964821338600213e-01 -7.821957587099470643e-02
-2.418774925951824306e-01 -2.436958082537851178e-01 -7.318636304512970980e-02
-2.479649239317780474e-01 -2.489339464655353495e-01 -6.732965924339562314e-02
-2.541441738585235033e-01 -2.538233536563946346e-01 -6.065594977384680675e-02
-2.603594203562429321e-01 -2.582695744644291080e-01 -5.318488930596521058e-02
-2.665477909110011145e-01 -2.621727016540984501e-01 -4.495156426917523707e-02
-2.726393384163493527e-01 -2.654294600837043827e-01 -3.600866335257202344e-02
-2.785572982003713394e-01 -2.679359635598802525e-01 -2.642839215560399690e-02
-2.842186880586492492e-01 -2.695911544457815223e-01 -1.630393412647657136e-02
-2.895353083057485843e-01 -2.703008803371297342e-01 -5.750234543608345739e-03
-2.944151870464167819e-01 -2.699824912934450927e-01 5.096125474318924375e-03
-2.987644957648828425e-01 -2.685697588436066763e-01 1.607818440330832654e-02
-3.024899312353503955e-01 -2.660178317950679938e-01 2.702116077459665311e-02
-3.055015220437777845e-01 -2.623078651453203403e-01 3.773641541346295369e-02
-3.077157735396929272e-01 -2.574509016550797780e-01 4.802679842402324262e-02
-3.090590174241469867e-01 -2.514905667183541249e-01 5.769322162678958144e-02
-3.094707867975440285e-01 -2.445041701316226224e-01 6.654214051625617632e-02
-3.089070010560577284e-01 -2.366019017144275205e-01 7.439348005201368297e-02
-3.073427247186900635e-01 -2.279239605779855848e-01 8.108842160709733848e-02
-3.047742664328177975e-01 -2.186356573637011635e-01 8.649640997989560542e-02
-3.012204130402962310e-01 -2.089207501930958610e-01 9.052075918834084911e-02
-2.967226489702052827e-01 -1.989734848552573432e-01 9.310234133887640429e-02
-2.913442891270552337e-01 -1.889899719783220133e-01 9.422102566818441050e-02
-2.851685452514878261e-01 -1.791596183750819860e-01 9.389477010084745778e-02
-2.782956396516095277e-01 -1.696573195485250318e-01 9.217651853094521730e-02
-2.708391633673267185e-01 -1.606370166447299574e-01 8.914928256034404530e-02
-2.629219368089903419e-01 -1.522270431868996132e-01 8.491995088378462286e-02
-2.546716619927320568e-01 -1.445274673123582154e-01 7.961245043057973980e-02
-2.462166540963850458e-01 -1.376094118884314543e-01 7.336087580812339359e-02
-2.376819089304089694e-01 -1.315161422772671562e-01 6.630311956466317103e-02
-2.291857091421131143e-01 -1.262655737646072307e-01 5.857539952743018308e-02
-2.208369051492610202e-01 -1.218537781635403716e-01 5.030792036354414520e-02
-2.127329369622839028e-01 -1.182590590676971809e-01 4.162175209438667700e-02
-2.049585988588419339e-01 -1.154462051507892939e-01 3.262687917941498039e-02
-1.975854964378610523e-01 -1.133706033513062206e-01 2.342128136586041354e-02
-1.906721080757912690e-01 -1.119819809348620021e-01 1.409085429677675583e-02
-1.842643407100283959e-01 -1.112276324059654486e-01 4.709959651711725925e-03
-1.783964616192561525e-01 -1.110550637306929600e-01 -4.657596781243333872e-03
-1.730922906707169640e-01 -1.114140467846216342e-01 -1.395733463050286005e-02
-1.683665481097681438e-01 -1.122581198051506579e-01 -2.314275675159327417e-02
-1.642262682447337419e-01 -1.135455961396452107e-01 -3.217399925940733763e-02
-1.606722066757736433e-01 -1.152401565361816926e-01 -4.101654371550411682e-02
-1.577001860153155466e-01 -1.173111029792548443e-01 -4.964003277017714488e-02
-1.553023409850640135e-01 -1.197333478689809327e-01 -5.801720829550804925e-02
-1.534682375561113865e-01 -1.224872039271397428e-01 -6.612297504108888280e-02
-1.521858520765426714e-01 -1.255580297011589241e-01 -7.393358233918700950e-02
-1.514424050750967643e-01 -1.289357744185485322e-01 -8.142591033710810944e-02
-1.512250508121527615e-01 -1.326144551775489955e-01 -8.857684456298642317e-02
-1.515214279537857589e-01 -1.365915895910008171e-01 -9.536272237281329112e-02
-1.523200792987873253e-01 -1.408675982828516693e-01 -1.017588362021498716e-01
-1.536107496213703349e-01 -1.454451841325269390e-01 -1.077389809811422072e-01
-1.553845707081898952e-01 -1.503286888234593999e-01 -1.132750361842205233e-01
-1.576341418348524703e-01 -1.555234219799818129e-01 -1.183365765596788854e-01
-1.603535124718603599e-01 -1.610349538666364655e-01 -1.228905095355742327e-01
-1.635380721237965629e-01 -1.668683591965903767e-01 -1.269007416442010650e-01
-1.671843500496349444e-01 -1.730273970228255465e-01 -1.303278811362870160e-01
-1.712897253276129961e-01 -1.795136100106047294e-01 -1.331289894004289431e-01
-1.758520454480596573e-01 -1.863253257476495950e-01 -1.352574000126159914e-01
-1.808691494796649257e-01 -1.934565433861309414e-01 -1.366626313515760804e-01
-1.863382900158311317e-01 -2.008956912048169841e-01 -1.372904268150707541e-01
-1.922554467596404582e-01 -2.086242451538222742e-01 -1.370829657491550169e-01
-1.986145239910401816e-01 -2.166152057765798888e-01 -1.359792980830479836e-01
-2.054064245870390604e-01 -2.248314419202099845e-01 -1.339160659248830321e-01
-2.126179951235608323e-01 -2.332239252860998091e-01 -1.308285852400946636e-01
-2.202308403514843249e-01 -2.417299011106637252e-01 -1.266523689407585973e-01
-2.282200115673445051e-01 -2.502710679620152590e-01 -1.213251773703261094e-01
-2.365525827084088428e-01 -2.587518742974354025e-01 -1.147896806265754632e-01
-2.451861410155783405e-01 -2.670580808402402972e-01 -1.069968059436973151e-01
-2.540672363586778948e-01 -2.750557845829928461e-01 -9.790981817465238546e-02
-2.631298550969635164e-01 -2.825911490521807456e-01 -8.750913745932731302e-02
-2.722940104785014359e-01 -2.894911305938659973e-01 -7.579783066644341094e-02
-2.814645711348705559e-01 -2.955655229203306700e-01 -6.280761850554739123e-02
-2.905304801691849237e-01 -3.006106495838929415e-01 -4.860511741492457016e-02
-2.993645461760082727e-01 -3.044150009099824139e-01 -3.329788848354164887e-02
-3.078240090568272747e-01 -3.067670211702697713e-01 -1.703970629384454760e-02
-3.157520907300133128e-01 -3.074650879985448837e-01 -3.431003377041275115e-05
-3.229807254418629592e-01 -3.063294806114198465e-01 1.746321018074076248e-02
-3.293346177063466440e-01 -3.032158112132165018e-01 3.514826535696824461e-02
-3.346366908006119800e-01 -2.980290207354910903e-01 5.267262969236619075e-02
-3.387148622361949579e-01 -2.907366674735976098e-01 6.965481519455657411e-02
-3.414099189386449185e-01 -2.813799426097828293e-01 8.569500864078327673e-02
-3.425840781528369794e-01 -2.700807236224687102e-01 1.003940068625500670e-01
-3.421296355983760584e-01 -2.570431142626290466e-01 1.133748856112966052e-01
-3.399769547697567562e-01 -2.425483729198749661e-01 1.243054753993742545e-01
-3.361009790134869002e-01 -2.269428890664547671e-01 1.329192533149493038e-01
-3.305254843370044604e-01 -2.106198338987850249e-01 1.390321452353526221e-01
-3.233244528475435198e-01 -1.939961095963683713e-01 1.425530632997917269e-01
-3.146202259832692194e-01 -1.774870311651993715e-01 1.434867719180336620e-01
-3.045784563076239237e-01 -1.614815932117257269e-01 1.419287548671372967e-01
-2.934002562406428094e-01 -1.463210840471110830e-01 1.380529225192155263e-01
-2.813122717138787365e-01 -1.322832236498898695e-01 1.320939940678872437e-01
-2.685556270312320359e-01 -1.195730625572680728e-01 1.243270018993417048e-01
-2.553747580386257487e-01 -1.083208120389612672e-01 1.150464904508102237e-01
-2.420070717787277115e-01 -9.858581888137774030e-02 1.045476493501396043e-01
-2.286741717777924787e-01 -9.036522821703052433e-02 9.311096855741868294e-02
-2.155751193923211018e-01 -8.360557257297129841e-02 8.099122201363123663e-02
-2.028819189694185399e-01 -7.821556146332930837e-02 6.841085557565373954e-02
-1.907371650032541055e-01 -7.407863008056192466e-02 5.555729851060975388e-02
-1.792536028692724992e-01 -7.106421777407490037e-02 4.258338703855607532e-02
-1.685152418969634303e-01 -6.903717779702911450e-02 2.960997205985049785e-02
-1.585796156184583472e-01 -6.786509294719700325e-02 1.672983085348411780e-02
-1.494807944043993198e-01 -6.742354910854508887e-02 4.012150095448474563e-03
-1.412328021328802530e-01 -6.759959390145497959e-02 -8.492963621588467404e-03
-1.338331537600362386e-01 -6.829369445103350422e-02 -2.075030267720734400e-02
-1.272663009704120274e-01 -6.942052942749954436e-02 -3.273590421805550044e-02
-1.215068391917584201e-01 -7.090892951118188403e-02 -4.443399907361245127e-02
-1.165223859459885158e-01 -7.270123699001584949e-02 -5.583455716619756259e-02
-1.122760857160038928e-01 -7.475230356454320990e-02 -6.693137292262785198e-02
