-2.044203132390975952e-01
-2.087916284799575806e-01
-2.125738263130187988e-01
-2.157130688428878784e-01
-2.181472331285476685e-01
-2.198050767183303833e-01
-2.206052988767623901e-01
-2.204557061195373535e-01
-2.192525267601013184e-01
-2.168799489736557007e-01
-2.132100462913513184e-01
-2.081034332513809204e-01
-2.014105767011642456e-01
-1.929744482040405273e-01
-1.826347112655639648e-01
-1.702338159084320068e-01
-1.556256115436553955e-01
-1.386868059635162354e-01
-1.193316057324409485e-01
-9.752951562404632568e-02
-7.332598417997360229e-02
-4.686486348509788513e-02
-1.841069944202899933e-02
1.163192372769117355e-02
4.270600900053977966e-02
7.410132884979248047e-02
1.049698516726493835e-01
1.343610286712646484e-01
1.612780541181564331e-01
1.847522258758544922e-01
2.039278894662857056e-01
2.181459218263626099e-01
2.270116508007049561e-01
2.304336726665496826e-01
2.286253571510314941e-01
2.220681458711624146e-01
2.114443480968475342e-01
1.975527405738830566e-01
1.812229454517364502e-01
1.632421612739562988e-01
1.443026065826416016e-01
1.249723806977272034e-01
1.056873276829719543e-01
8.675868064165115356e-02
6.839035451412200928e-02
5.070041492581367493e-02
3.374274447560310364e-02
1.752640679478645325e-02
2.031528856605291367e-03
-1.277852617204189301e-02
-2.694839797914028168e-02
-4.052480682730674744e-02
-5.355282872915267944e-02
-6.607378274202346802e-02
-7.812422513961791992e-02
-8.973567187786102295e-02
-1.009347215294837952e-01
-1.117434576153755188e-01
-1.221798807382583618e-01
-1.322584003210067749e-01
-1.419902294874191284e-01
-1.513837575912475586e-01
-1.604448109865188599e-01
-1.691768318414688110e-01
-1.775809526443481445e-01
-1.856560260057449341e-01
-1.933985501527786255e-01
-2.008025199174880981e-01
-2.078592032194137573e-01
-2.145568728446960449e-01
-2.208804190158843994e-01
-2.268108874559402466e-01
-2.323249280452728271e-01
-2.373941838741302490e-01
-2.419845461845397949e-01
-2.460552603006362915e-01
-2.495580166578292847e-01
-2.524358332157135010e-01
-2.546218335628509521e-01
-2.560380399227142334e-01
-2.565938830375671387e-01
-2.561849355697631836e-01
-2.546915113925933838e-01
-2.519775032997131348e-01
-2.478896528482437134e-01
-2.422572076320648193e-01
-2.348926663398742676e-01
-2.255938351154327393e-01
-2.141476273536682129e-01
-2.003366202116012573e-01
-1.839486062526702881e-01
-1.647905111312866211e-01
-1.427068859338760376e-01
-1.176037341356277466e-01
-8.947743475437164307e-02
-5.844788998365402222e-02
-2.479345723986625671e-02
1.101635582745075226e-02
4.829648137092590332e-02
8.613787591457366943e-02
1.234234794974327087e-01
1.588759422302246094e-01
1.911401450634002686e-01
2.188973277807235718e-01
2.409980595111846924e-01
2.565931975841522217e-01
2.652372717857360840e-01
2.669407427310943604e-01
2.621572613716125488e-01
2.517082691192626953e-01
2.366615682840347290e-01
2.181914001703262329e-01
1.974478065967559814e-01
1.754566878080368042e-01
1.530598104000091553e-01
1.308936923742294312e-01
1.093986108899116516e-01
8.884645998477935791e-02
6.937666982412338257e-02
5.103264749050140381e-02
3.379376605153083801e-02
1.760108023881912231e-02
2.376337070018053055e-03
-1.196487434208393097e-02
-2.550471946597099304e-02
-3.831823170185089111e-02
-5.047089606523513794e-02
-6.201782450079917908e-02
-7.300393283367156982e-02
-8.346460759639739990e-02
-9.342661499977111816e-02
-1.029090434312820435e-01
-1.119241639971733093e-01
-1.204781234264373779e-01
-1.285715252161026001e-01
-1.361998021602630615e-01
-1.433534622192382812e-01
-1.500181257724761963e-01
-1.561744958162307739e-01
-1.617982089519500732e-01
-1.668595373630523682e-01
-1.713230311870574951e-01
-1.751471310853958130e-01
-1.782837510108947754e-01
-1.806777268648147583e-01
-1.822664737701416016e-01
-1.829795837402343750e-01
-1.827385723590850830e-01
-1.814569383859634399e-01
-1.790404170751571655e-01
-1.753877848386764526e-01
-1.703922450542449951e-01
-1.639435440301895142e-01
-1.559312939643859863e-01
-1.462493091821670532e-01
-1.348016709089279175e-01
-1.215102970600128174e-01
-1.063243523240089417e-01
-8.923146873712539673e-02
-7.027035951614379883e-02
-4.954437166452407837e-02
-2.723479270935058594e-02
-3.612520406022667885e-03
2.095399238169193268e-02
4.599682986736297607e-02
7.095518708229064941e-02
9.519238024950027466e-02
1.180243864655494690e-01
1.387591660022735596e-01
1.567440181970596313e-01
1.714160442352294922e-01
1.823489367961883545e-01
1.892890185117721558e-01
1.921743452548980713e-01
1.911334246397018433e-01
1.864638179540634155e-01
1.785944998264312744e-01
1.680385768413543701e-01
1.553440988063812256e-01
1.410499513149261475e-01
1.256514489650726318e-01
1.095779091119766235e-01
9.318192303180694580e-02
7.673832029104232788e-02
6.045008450746536255e-02
4.445832967758178711e-02
2.885394915938377380e-02
1.368922088295221329e-02
-1.011797809042036533e-03
-1.524456590414047241e-02
-2.901718765497207642e-02
-4.234527423977851868e-02
-5.524829402565956116e-02
-6.774708628654479980e-02
-7.986230403184890747e-02
-9.161351621150970459e-02
-1.030187457799911499e-01
-1.140943095088005066e-01
-1.248548775911331177e-01
-1.353135555982589722e-01
-1.454821377992630005e-01
-1.553711891174316406e-01
-1.649903506040573120e-01
-1.743484139442443848e-01
-1.834534853696823120e-01
-1.923131048679351807e-01
-2.009343802928924561e-01
-2.093239724636077881e-01
-2.174882143735885620e-01
-2.254331707954406738e-01
-2.331646084785461426e-01
-2.406880855560302734e-01
-2.480088770389556885e-01
-2.551320791244506836e-01
-2.620625793933868408e-01
-2.688050270080566406e-01
-2.753638625144958496e-01
-2.817433178424835205e-01
-2.879472970962524414e-01
-2.939795851707458496e-01
-2.998435497283935547e-01
-3.055423498153686523e-01
-3.110787570476531982e-01
-3.164551258087158203e-01
-3.216734230518341064e-01
-3.267351090908050537e-01
-3.316410481929779053e-01
-3.363913595676422119e-01
-3.409855067729949951e-01
-3.454218506813049316e-01
-3.496977686882019043e-01
-3.538092672824859619e-01
-3.577507138252258301e-01
-3.615146875381469727e-01
-3.650914430618286133e-01
-3.684684634208679199e-01
-3.716300427913665771e-01
-3.745564818382263184e-01
-3.772233128547668457e-01
-3.796003758907318115e-01
-3.816505372524261475e-01
-3.833284080028533936e-01
-3.845786452293395996e-01
-3.853338956832885742e-01
-3.855125010013580322e-01
-3.850157558917999268e-01
-3.837247490882873535e-01
-3.814967274665832520e-01
-3.781611323356628418e-01
-3.735151886940002441e-01
-3.673194348812103271e-01
-3.592932522296905518e-01
-3.491113185882568359e-01
-3.364010751247406006e-01
-3.207431733608245850e-01
-3.016760647296905518e-01
-2.787070572376251221e-01
-2.513327896595001221e-01
-2.190725207328796387e-01
-1.815180480480194092e-01
-1.384029537439346313e-01
-8.969285339117050171e-02
-3.569338843226432800e-02
2.283331751823425293e-02
8.456324785947799683e-02
1.475462019443511963e-01
2.092219889163970947e-01
2.665562927722930908e-01
3.163203299045562744e-01
3.555011153221130371e-01
3.817775845527648926e-01
3.939484655857086182e-01
3.921803236007690430e-01
3.779827356338500977e-01
3.539036214351654053e-01
3.230379819869995117e-01
2.885007560253143311e-01
2.530052363872528076e-01
2.186242192983627319e-01
1.867341399192810059e-01
1.580910086631774902e-01
1.329717338085174561e-01
1.113265007734298706e-01
9.291042387485504150e-02
7.738216221332550049e-02
6.437002122402191162e-02
5.351176485419273376e-02
4.447562992572784424e-02
3.696910664439201355e-02
3.074048645794391632e-02
2.557644248008728027e-02
2.129788137972354889e-02
1.775521039962768555e-02
1.482374314218759537e-02
1.239955611526966095e-02
1.039589755237102509e-02
8.740168996155261993e-03
7.371435407549142838e-03
6.238385103642940521e-03
5.297677591443061829e-03
4.512606188654899597e-03
3.852020949125289917e-03
3.289458574727177620e-03
2.802439033985137939e-03
2.371893497183918953e-03
1.981699606403708458e-03
1.618299284018576145e-03
1.270381617359817028e-03
9.286199347116053104e-04
5.854480550624430180e-04
2.348701673327013850e-04
-1.277039700653403997e-04
-5.056039663031697273e-04
-9.010272915475070477e-04
-1.315155765041708946e-03
-1.748261624015867710e-03
-2.199805108830332756e-03
-2.668526489287614822e-03
-3.152531804516911507e-03
-3.649374702945351601e-03
-4.156133159995079041e-03
-4.669483751058578491e-03
-5.185773596167564392e-03
-5.701086018234491348e-03
-6.211307831108570099e-03
-6.712190341204404831e-03
-7.199410349130630493e-03
-7.668626029044389725e-03
-8.115534670650959015e-03
-8.535922504961490631e-03
-8.925716392695903778e-03
-9.281031787395477295e-03
-9.598217904567718506e-03
-9.873899631202220917e-03
-1.010502222925424576e-02
-1.028888486325740814e-02
-1.042317599058151245e-02
-1.050600968301296234e-02
-1.053595170378684998e-02
-1.051204744726419449e-02
-1.043384056538343430e-02
-1.030139718204736710e-02
-1.011531427502632141e-02
-9.876732714474201202e-03
-9.587339125573635101e-03
-9.249368682503700256e-03
-8.865592069923877716e-03
-8.439308032393455505e-03
-7.974322885274887085e-03
-7.474921178072690964e-03
-6.945837289094924927e-03
-6.392213515937328339e-03
-5.819556303322315216e-03
-5.233680363744497299e-03
-4.640654660761356354e-03
-4.046736285090446472e-03
-3.458302468061447144e-03
-2.881778869777917862e-03
-2.323564607650041580e-03
-1.789954490959644318e-03
-1.287062885239720345e-03
-8.207458304241299629e-04
-3.965267969761043787e-04
-1.952501588675659150e-05
3.056114364881068468e-04
5.747670657001435757e-04
7.844132487662136555e-04
9.316552896052598953e-04
1.014270354062318802e-03
1.030736952088773251e-03
9.802543791010975838e-04
8.627531933598220348e-04
6.788955070078372955e-04
4.300665168557316065e-04
1.183566491818055511e-04
-2.534641535021364689e-04
-6.819800473749637604e-04
-1.163169508799910545e-03
-1.692451420240104198e-03
-2.264736453071236610e-03
-2.874482190236449242e-03
-3.515751101076602936e-03
-4.182272125035524368e-03
-4.867501556873321533e-03
-5.564688239246606827e-03
-6.266934331506490707e-03
-6.967260502278804779e-03
-7.658667396754026413e-03
-8.334197103977203369e-03
-8.986992761492729187e-03
-9.610359556972980499e-03
-1.019782014191150665e-02
-1.074316911399364471e-02
-1.124052982777357101e-02
-1.168440654873847961e-02
-1.206973195075988770e-02
-1.239191927015781403e-02
-1.264690700918436050e-02
-1.283120457082986832e-02
-1.294193416833877563e-02
-1.297686994075775146e-02
-1.293447427451610565e-02
-1.281392946839332581e-02
-1.261516939848661423e-02
-1.233889814466238022e-02
-1.198661047965288162e-02
-1.156060025095939636e-02
-1.106396876275539398e-02
-1.050061639398336411e-02
-9.875231422483921051e-03
-9.193266741931438446e-03
-8.460906334221363068e-03
-7.685022894293069839e-03
-6.873122416436672211e-03
-6.033279001712799072e-03
-5.174057558178901672e-03
-4.304428584873676300e-03
-3.433668753132224083e-03
-2.571258461102843285e-03
-1.726767397485673428e-03
-9.097379515878856182e-04
-1.295622932957485318e-04
6.046398193575441837e-04
1.284144003875553608e-03
1.900740200653672218e-03
2.446846337988972664e-03
2.915614051744341850e-03
3.301024669781327248e-03
3.597972448915243149e-03
3.802334424108266830e-03
3.911027219146490097e-03
3.922043368220329285e-03
3.834478091448545456e-03
3.648533252999186516e-03
3.365509677678346634e-03
2.987783169373869896e-03
2.518765861168503761e-03
1.962856389582157135e-03
1.325377146713435650e-03
6.125047220848500729e-04
-1.688094052951782942e-04
-1.010922715067863464e-03
-1.905589597299695015e-03
-2.844051923602819443e-03
-3.817130578681826591e-03
-4.815316759049892426e-03
-5.828862078487873077e-03
-6.847866810858249664e-03
-7.862365804612636566e-03
-8.862409740686416626e-03
-9.838148020207881927e-03
-1.077990420162677765e-02
-1.167824678122997284e-02
-1.252406742423772812e-02
-1.330864336341619492e-02
-1.402370911091566086e-02
-1.466151978820562363e-02
-1.521491724997758865e-02
-1.567739062011241913e-02
-1.604313962161540985e-02
-1.630713418126106262e-02
-1.646517775952816010e-02
-1.651395857334136963e-02
-1.645111478865146637e-02
-1.627527549862861633e-02
-1.598612032830715179e-02
-1.558441389352083206e-02
-1.507205143570899963e-02
-1.445208210498094559e-02
-1.372873410582542419e-02
-1.290741562843322754e-02
-1.199472043663263321e-02
-1.099839992821216583e-02
-9.927335195243358612e-03
-8.791476488113403320e-03
-7.601781282573938370e-03
-6.370114628225564957e-03
-5.109143909066915512e-03
-3.832208691164851189e-03
-2.553171012550592422e-03
-1.286252052523195744e-03
-4.585390706779435277e-05
1.153631717897951603e-03
2.298021689057350159e-03
