-1.268306523561477661e-01
-1.313962936401367188e-01
-1.363809108734130859e-01
-1.418023556470870972e-01
-1.476806104183197021e-01
-1.540373563766479492e-01
-1.608956307172775269e-01
-1.682790964841842651e-01
-1.762112975120544434e-01
-1.847146302461624146e-01
-1.938097029924392700e-01
-2.035132199525833130e-01
-2.138365656137466431e-01
-2.247839868068695068e-01
-2.363494336605072021e-01
-2.485138624906539917e-01
-2.612417638301849365e-01
-2.744768559932708740e-01
-2.881379425525665283e-01
-3.021135926246643066e-01
-3.162579238414764404e-01
-3.303848505020141602e-01
-3.442655205726623535e-01
-3.576247096061706543e-01
-3.701411187648773193e-01
-3.814507424831390381e-01
-3.911541402339935303e-01
-3.988294303417205811e-01
-4.040513932704925537e-01
-4.064164459705352783e-01
-4.055727124214172363e-01
-4.012530446052551270e-01
-3.933081328868865967e-01
-3.817338943481445312e-01
-3.666898012161254883e-01
-3.485017418861389160e-01
-3.276485502719879150e-01
-3.047304153442382812e-01
-2.804231643676757812e-01
-2.554254233837127686e-01
-2.304053455591201782e-01
-2.059562802314758301e-01
-1.825653016567230225e-01
-1.605982631444931030e-01
-1.402993798255920410e-01
-1.218022108078002930e-01
-1.051474511623382568e-01
-8.485010266304016113e-02
-6.531826406717300415e-02
-4.824331775307655334e-02
-3.338994830846786499e-02
-2.425715699791908264e-02
-1.752458885312080383e-02
-1.172161847352981567e-02
-6.699224468320608139e-03
-2.322689862921833992e-03
1.529032946564257145e-03
4.964303225278854370e-03
8.079621940851211548e-03
1.096104923635721207e-02
1.368517335504293442e-02
1.632035523653030396e-02
1.892787031829357147e-02
2.156311087310314178e-02
2.427640929818153381e-02
2.711417339742183685e-02
3.011973388493061066e-02
3.333408012986183167e-02
3.679669648408889771e-02
4.054631292819976807e-02
4.458452761173248291e-02
4.864932596683502197e-02
5.303039029240608215e-02
5.733248591423034668e-02
6.194703280925750732e-02
6.622572243213653564e-02
7.093185931444168091e-02
7.639434188604354858e-02
8.234769850969314575e-02
8.882971107959747314e-02
9.587910026311874390e-02
1.035353839397430420e-01
1.118378639221191406e-01
1.208250969648361206e-01
1.305333524942398071e-01
1.409950405359268188e-01
1.522366255521774292e-01
1.642757505178451538e-01
1.771179288625717163e-01
1.907521337270736694e-01
2.051456272602081299e-01
2.202380597591400146e-01
2.359342575073242188e-01
2.520966827869415283e-01
2.685374021530151367e-01
2.850099205970764160e-01
3.012027442455291748e-01
3.167347609996795654e-01
3.311553001403808594e-01
3.439497053623199463e-01
3.545534908771514893e-01
3.623764812946319580e-01
3.668381869792938232e-01
3.674125671386718750e-01
3.636818230152130127e-01
3.553908765316009521e-01
3.424959182739257812e-01
3.251978754997253418e-01
3.039497733116149902e-01
2.794342041015625000e-01
2.525094747543334961e-01
2.241309583187103271e-01
1.952611654996871948e-01
1.667837351560592651e-01
1.394363939762115479e-01
1.137713417410850525e-01
8.875948935747146606e-02
6.591390073299407959e-02
4.349776729941368103e-02
2.333888225257396698e-02
2.442549448460340500e-03
-1.638381369411945343e-02
-3.150117397308349609e-02
-4.450878500938415527e-02
-5.590439587831497192e-02
-6.593006104230880737e-02
-7.425831258296966553e-02
-7.792254537343978882e-02
-8.122023940086364746e-02
-8.422771096229553223e-02
-8.738835901021957397e-02
-9.293320029973983765e-02
-9.808859229087829590e-02
-1.029570996761322021e-01
-1.076299622654914856e-01
-1.121881678700447083e-01
-1.167038157582283020e-01
-1.212414056062698364e-01
-1.258586794137954712e-01
-1.306077092885971069e-01
-1.355357915163040161e-01
-1.406861245632171631e-01
-1.460983157157897949e-01
-1.518091112375259399e-01
-1.578521877527236938e-01
-1.642590165138244629e-01
-1.710580885410308838e-01
-1.782753318548202515e-01
-1.859332919120788574e-01
-1.940508335828781128e-01
-2.026421725749969482e-01
-2.117157578468322754e-01
-2.212727814912796021e-01
-2.313056439161300659e-01
-2.417960464954376221e-01
-2.527123093605041504e-01
-2.640067934989929199e-01
-2.756135165691375732e-01
-2.874446511268615723e-01
-2.993874251842498779e-01
-3.113016486167907715e-01
-3.230175077915191650e-01
-3.343340754508972168e-01
-3.450194299221038818e-01
-3.548131585121154785e-01
-3.634307682514190674e-01
-3.705717921257019043e-01
-3.759308755397796631e-01
-3.792128562927246094e-01
-3.801504671573638916e-01
-3.785245418548583984e-01
-3.741844296455383301e-01
-3.670668900012969971e-01
-3.572105765342712402e-01
-3.447633981704711914e-01
-3.299812972545623779e-01
-3.132167458534240723e-01
-2.948977947235107422e-01
-2.755000591278076172e-01
-2.555146813392639160e-01
-2.354166060686111450e-01
-2.156376540660858154e-01
-1.965456753969192505e-01
-1.784334480762481689e-01
-1.615148931741714478e-01
-1.459288597106933594e-01
-1.317475587129592896e-01
-1.189876869320869446e-01
-1.076224073767662048e-01
-9.759283065795898438e-02
-8.881828188896179199e-02
-7.798334956169128418e-02
-6.840110570192337036e-02
-6.026165559887886047e-02
-5.340572819113731384e-02
-4.989274963736534119e-02
-4.724126309156417847e-02
-4.512290656566619873e-02
-4.346261546015739441e-02
-4.219430312514305115e-02
-4.126038402318954468e-02
-4.061105847358703613e-02
-4.020348563790321350e-02
-4.000120982527732849e-02
-3.997346013784408569e-02
-4.009431973099708557e-02
-4.034240543842315674e-02
-4.070013388991355896e-02
-4.115334153175354004e-02
-4.169072210788726807e-02
-4.230365902185440063e-02
-4.298562183976173401e-02
-4.373220726847648621e-02
-4.454066231846809387e-02
-4.540973156690597534e-02
-4.633970931172370911e-02
-4.733192548155784607e-02
-4.838918149471282959e-02
-4.951506108045578003e-02
-5.071447789669036865e-02
-5.199327319860458374e-02
-5.335840582847595215e-02
-5.481782555580139160e-02
-5.638079717755317688e-02
-5.805749073624610901e-02
-5.985955148935317993e-02
-6.179992854595184326e-02
-6.389292329549789429e-02
-6.615453213453292847e-02
-6.860240548849105835e-02
-7.125614583492279053e-02
-7.360485941171646118e-02
-7.502829283475875854e-02
-7.657732814550399780e-02
-7.826506346464157104e-02
-8.047132939100265503e-02
-8.365385979413986206e-02
-8.712735772132873535e-02
-9.092205017805099487e-02
-9.507106989622116089e-02
-9.961073100566864014e-02
-1.045808345079421997e-01
-1.100248768925666809e-01
-1.159902811050415039e-01
-1.225283741950988770e-01
-1.296948045492172241e-01
-1.375494003295898438e-01
-1.461560428142547607e-01
-1.555823087692260742e-01
-1.658990085124969482e-01
-1.771790981292724609e-01
-1.894963532686233521e-01
-2.029229253530502319e-01
-2.175269871950149536e-01
-2.333677411079406738e-01
-2.504904568195343018e-01
-2.689188420772552490e-01
-2.886458337306976318e-01
-3.096214830875396729e-01
-3.317382931709289551e-01
-3.548138439655303955e-01
-3.785711526870727539e-01
-4.026172161102294922e-01
-4.264222085475921631e-01
-4.493021368980407715e-01
-4.704095125198364258e-01
-4.887378513813018799e-01
-5.031481981277465820e-01
-5.124210715293884277e-01
-5.153456330299377441e-01
-5.108388662338256836e-01
-4.980929493904113770e-01
-4.767304062843322754e-01
-4.469377994537353516e-01
-4.095388650894165039e-01
-3.659737110137939453e-01
-3.181634247303009033e-01
-2.682755291461944580e-01
-2.184403389692306519e-01
-1.704904735088348389e-01
-1.092016622424125671e-01
-4.885774850845336914e-02
3.378853201866149902e-03
4.816074669361114502e-02
7.403707504272460938e-02
9.087270498275756836e-02
1.027509346604347229e-01
1.135205551981925964e-01
1.238545626401901245e-01
1.327424347400665283e-01
1.403952986001968384e-01
1.469891965389251709e-01
1.526717543601989746e-01
1.575679332017898560e-01
1.617835909128189087e-01
1.654093116521835327e-01
1.685224771499633789e-01
1.711895018815994263e-01
1.734674870967864990e-01
1.754056811332702637e-01
1.770466119050979614e-01
1.784270703792572021e-01
1.795791983604431152e-01
1.805308014154434204e-01
1.813063472509384155e-01
1.819274127483367920e-01
1.824128478765487671e-01
1.827796250581741333e-01
1.830428391695022583e-01
1.832160353660583496e-01
1.833114773035049438e-01
1.833403259515762329e-01
1.833126842975616455e-01
1.832380145788192749e-01
1.831248998641967773e-01
1.829812824726104736e-01
1.828145235776901245e-01
1.826315224170684814e-01
1.824386119842529297e-01
1.822415739297866821e-01
1.820458769798278809e-01
1.818565577268600464e-01
1.816780269145965576e-01
1.815145462751388550e-01
1.813696920871734619e-01
1.812467724084854126e-01
1.811487525701522827e-01
1.810779720544815063e-01
1.810365915298461914e-01
1.810261160135269165e-01
1.810477674007415771e-01
1.811024248600006104e-01
1.811903864145278931e-01
1.813117414712905884e-01
1.814660578966140747e-01
1.816525161266326904e-01
1.818700134754180908e-01
1.821169704198837280e-01
1.823916286230087280e-01
1.826917082071304321e-01
1.830147802829742432e-01
1.833579987287521362e-01
1.837183386087417603e-01
1.840925067663192749e-01
1.844769865274429321e-01
1.848681420087814331e-01
1.852620393037796021e-01
1.856548339128494263e-01
1.860424876213073730e-01
1.864209026098251343e-01
1.867861151695251465e-01
1.871340721845626831e-01
1.874608993530273438e-01
1.877628862857818604e-01
1.880364269018173218e-01
1.882781982421875000e-01
1.884851902723312378e-01
1.886545717716217041e-01
1.887840777635574341e-01
1.888716071844100952e-01
1.889156997203826904e-01
1.889152377843856812e-01
1.888695210218429565e-01
1.887784898281097412e-01
1.886425018310546875e-01
1.884624361991882324e-01
1.882396936416625977e-01
1.879761666059494019e-01
1.876742094755172729e-01
1.873366534709930420e-01
1.869667768478393555e-01
1.865682005882263184e-01
1.861448585987091064e-01
1.857011169195175171e-01
1.852415204048156738e-01
1.847707778215408325e-01
1.842938512563705444e-01
1.838156878948211670e-01
1.833413243293762207e-01
1.828757673501968384e-01
1.824239045381546021e-01
1.819906085729598999e-01
1.815804392099380493e-01
1.811978667974472046e-01
1.808469444513320923e-01
1.805315166711807251e-01
1.802551001310348511e-01
1.800207644701004028e-01
1.798312515020370483e-01
1.796888113021850586e-01
1.795953065156936646e-01
1.795521080493927002e-01
1.795601397752761841e-01
1.796197593212127686e-01
1.797309666872024536e-01
1.798932403326034546e-01
1.801055073738098145e-01
1.803662776947021484e-01
1.806735992431640625e-01
1.810249835252761841e-01
1.814175397157669067e-01
1.818479597568511963e-01
1.823124736547470093e-01
1.828069984912872314e-01
1.833270192146301270e-01
1.838677227497100830e-01
1.844239681959152222e-01
1.849903613328933716e-01
1.855613738298416138e-01
1.861311346292495728e-01
1.866938769817352295e-01
1.872435957193374634e-01
1.877743601799011230e-01
1.882802844047546387e-01
1.887555271387100220e-01
1.891946792602539062e-01
1.895922869443893433e-01
1.899434477090835571e-01
1.902435570955276489e-01
1.904884874820709229e-01
1.906747370958328247e-01
1.907992064952850342e-01
1.908595860004425049e-01
1.908542513847351074e-01
1.907822191715240479e-01
1.906432658433914185e-01
1.904381066560745239e-01
1.901679337024688721e-01
1.898349970579147339e-01
1.894422024488449097e-01
1.889931708574295044e-01
1.884921789169311523e-01
1.879441589117050171e-01
1.873547583818435669e-01
1.867299377918243408e-01
1.860761493444442749e-01
1.854003220796585083e-01
1.847095489501953125e-01
1.840110570192337036e-01
1.833122521638870239e-01
1.826205700635910034e-01
1.819432079792022705e-01
1.812875270843505859e-01
1.806602925062179565e-01
1.800681948661804199e-01
1.795175224542617798e-01
1.790140122175216675e-01
1.785630881786346436e-01
1.781695783138275146e-01
1.778377294540405273e-01
1.775712221860885620e-01
1.773731857538223267e-01
1.772460192441940308e-01
1.771915256977081299e-01
1.772108525037765503e-01
1.773044168949127197e-01
1.774720251560211182e-01
1.777129024267196655e-01
1.780254095792770386e-01
1.784074753522872925e-01
1.788561642169952393e-01
1.793680489063262939e-01
1.799390465021133423e-01
1.805645823478698730e-01
1.812391728162765503e-01
1.819572150707244873e-01
1.827122271060943604e-01
1.834974437952041626e-01
1.843055486679077148e-01
1.851288974285125732e-01
1.859595626592636108e-01
1.867890357971191406e-01
1.876089572906494141e-01
1.884106099605560303e-01
1.891853064298629761e-01
1.899243891239166260e-01
1.906192898750305176e-01
1.912617087364196777e-01
1.918436884880065918e-01
1.923576891422271729e-01
1.927968412637710571e-01
1.931548118591308594e-01
1.934260725975036621e-01
1.936061084270477295e-01
